0.02118104172251934 1.0052367383761176 0.015451419423743788 0.005635996534535818 0.002816999745114983 7.863433390252212E-4 
0.07524403904582791 2.810394846123707E-4 6.950275939060801E-4 1.7368092569845404E-4 0.03796127328267914 1.0020934363650544 
0.04476912066120302 8.942834181370918E-4 0.9529933486905058 0.004523920624232414 0.3204518723684556 0.002063874406983483 
0.745385402093117 0.016912824602559117 0.0029197663008425335 0.676649452108204 0.008631670166853895 7.784364071576077E-4 
0.01029705553854363 0.2566756168510582 0.004650369353292204 9.25790200126255E-4 0.9695792718196141 0.0012601137651723333 
0.0020334668900434455 0.4315544095235396 0.4940865226547555 0.7405838543858295 0.2153848654829215 0.020663439378882147 
0.0032608700667908657 0.531359583686594 0.002595275131743568 0.6111233734720521 0.4146400429369671 0.4295732800275616 
0.9873873268713808 0.030170782530501723 0.18403583115188177 1.6041727886633797E-4 0.009721655797161246 0.03175009278498922 
0.01670064112331959 0.6503822397580515 0.0010741481609160993 0.6257982110799867 6.356268424808555E-4 0.44587603840897605 
5.753930839845202E-4 0.6564380316605611 0.0081438270631451 0.6388036773067712 0.41507407220464343 0.002267821760948043 
0.24357164585211366 0.2850569310120226 0.0034999602603278217 0.020522707879930522 0.8276168710279068 0.4249262987553591 
0.6082116822675623 0.0020622863114405404 0.6879987625344326 0.0022121584874097225 0.014623235269894638 0.41101049963666025 
0.4183437800456445 0.008341367540981895 0.021711455286422116 5.520614287841489E-4 0.9126164220618406 2.332776671804593E-4 
3.232341672004015E-7 4.2899782645941325E-4 0.8282482122512035 0.0027530525616532206 0.3586711296981763 0.4463175578776595 
5.002860521269713E-4 7.532942965734799E-4 3.4983797496990287E-6 0.37191620180572765 0.834021993119422 0.41563886019502577 
0.03324440888485832 0.8331230390628804 0.0043698694287629975 0.006971365551603512 0.35294744055091226 0.4393914929962656 
0.0024340365523254823 0.9040830427179283 0.0014926647617980763 0.0014802864198053757 3.350989905970945E-4 0.4541434789139688 
0.549268571492699 0.0021155346546662414 0.6187565738134355 0.015078596212615616 0.41171726140671033 0.41309733184619596 
0.17329849789206694 0.3092342702531794 0.42686443826525444 0.5413923475362705 0.0019988378169270805 0.6514539304787283 
0.01619831034672733 0.5916974372521809 0.30238050784871756 0.0011999051009395022 0.7526313472485663 0.10424222523539207 
4.889909085101187E-4 0.03480408440003398 0.6453958882281507 0.6263801292035907 0.002938219401592011 0.4483472190752772 
0.4015519731428396 0.0015896555976085143 0.46484300143824664 0.5497039568799906 0.4102542846094435 0.4114838850443778 
5.816114788206958E-4 0.7719173453072187 0.46072293178721885 0.004192524120782937 0.44625012701496525 0.012579711737259983 
1.834965582610225E-4 0.001464233957406481 0.9180452844586376 0.0030515367384660852 0.032186722410545425 0.40544412769308674 
0.001172230801820693 0.005997972872353323 7.47782449319382E-4 0.3132218236459065 0.6785986898913238 0.6752092803667902 
3.849641544161305E-4 0.3663337473296702 0.005936282808800313 6.76364418042797E-4 0.8321725251830979 0.4255510244616591 
9.119301369238143E-4 0.0013414370877868332 2.7793987237774518E-5 0.41898718024691034 0.9126166827056694 2.3327773380470897E-4 
0.004052119280519442 0.6708962038708927 0.015388804031289388 0.7575884091409006 1.0807334080799949E-4 0.004483125581499845 
0.20590956367652702 5.844554237423341E-5 0.0013202676862460855 0.04915535580285908 0.9601995690214471 0.21326800517664016 
0.006817502609652324 0.8999677097167886 0.4573209343032575 0.0018224176705367399 0.0011720820381598822 0.008331790165156568 
0.4909643982106027 0.7043976361775341 6.2916662769351E-4 0.25133154362177074 0.461722084996505 0.0028774946408535247 
0.5805745334785954 0.022907933593819266 0.001426466510582708 0.30186489583772697 0.7592803001879692 0.002109170438033363 
0.26857928741512044 0.3762521875102704 0.6599529694422647 0.5845534673803775 0.14589335357366431 7.530219446190619E-4 
7.275117577791253E-4 0.6245951291611358 0.27063592865994357 0.014763376897284968 0.33041751416679566 0.6613603721699027 
0.4345606157843162 0.0052969227555425295 0.750282401056338 0.2632232773978093 0.4325161123631162 0.002704635379283158 
0.32267147769413024 0.0013218302352851342 0.056000912882738896 0.38891471778224224 0.5918591593960706 0.6310827076269504 
0.008281851308035527 0.3159805579908122 3.4799336780664923E-4 0.2753689086941069 0.0016374380752777345 0.914632453159623 
0.3093361439839603 0.0019649763623810265 3.398484574587709E-4 0.28118830491103963 0.012374606456354268 0.9122634997105941 
3.435403535492522E-4 0.5638468856676471 0.6736979973873105 0.2566577301530018 0.4105173408711733 0.0037881855985783795 
0.002185434718106311 0.0032147453682076148 6.660811196451415E-5 1.0041000873618047 0.014270495802392091 0.002653087831035339 
0.20693195636612266 0.6936947859491828 9.98530646940579E-4 0.22110227423106094 4.500548815103628E-4 0.6627056731194145 
1.1577860238145106E-4 0.0028860234921696333 0.25700936581597433 9.261556829823952E-4 0.969962041697142 0.001260611232069146 
0.5618386986904989 1.1209436453178508E-4 0.8308872176110672 0.005621620569837607 0.0028098143097367873 7.84337581212343E-4 
0.9139138212486135 0.0032946303906277665 0.004590807776314592 0.42586766354201755 0.033151614702950256 0.002689852274277382 
4.0604561198023933E-4 0.5389055448303134 0.7382774460195429 0.0029027449975322864 0.03847484447031116 0.413400322177767 
4.059842210671103E-6 2.2603838892490733E-4 1.1924826742292457E-6 6.705385763071543E-7 0.9074520165373041 0.43527927770924035 
0.8485535155522568 0.01925371322556085 0.016092390322076138 0.33810510630865087 0.007882584430585251 0.42308133870518155 
7.147073588983521E-4 0.0056119798760271965 0.3599196059084832 0.004616686143132579 1.8000861007307526E-4 0.9360428791761631 
6.174497813247399E-4 0.025991321185226488 0.8281369021516813 0.5718705030406704 0.007542933935321751 0.004459613664570598 
0.0011154571424854842 2.014483159898584E-5 3.7409589503751825E-6 0.9163524174895507 0.41085772197786635 2.331372353490818E-4 
0.017154090674057057 0.7930871165985377 0.3341093920872115 0.27468943930467893 0.44551034951255575 6.426042726799518E-4 
0.27559424868545823 0.9521179482674107 0.16354259484112113 7.747516466071272E-4 0.009719317494716617 0.0033266163755135167 
9.573539791716125E-4 0.9599945173568664 0.057216803395140986 0.28216133283109424 0.0945309404028347 0.0027246557096772457 
0.42209914648861546 0.49476174112993926 0.006152146955380528 0.008371290980586947 0.7676088125207877 0.004858299967140753 
0.21465694268837124 0.30690898229314784 0.4082685757952087 0.036651795731762624 0.6432496675451875 0.5401153301473586 
0.7519248354615533 0.015486784442328672 0.5051551214364074 7.320839547955915E-4 0.43244548597702787 2.5147395291567345E-4 
0.7553047506936807 2.961527639923316E-4 0.001043792110090623 0.004072310001287104 4.6356865968390085E-4 0.6600709953868389 
0.0013727033897988877 0.013991854359977239 0.8728362172434243 0.24995206615271795 0.43674978450611845 0.003753338934954927 
0.19018060106320095 0.2796213306597314 2.477977826729257E-4 0.2519594541981157 0.9148367246641149 0.002879182349501259 
0.022132779821050524 0.8877518390907334 0.14790948970934478 0.0032447884394464143 0.44390195781179786 6.40284327968946E-4 
0.4458396134700388 0.0017649805867997925 0.5161110838615143 0.6103314540833956 0.0028036658693917464 0.42597190628422876 
5.335052390571333E-4 7.762791283757936E-4 2.3009633250676838E-6 0.7736731707021343 0.3468857509438464 0.5381548644061939 
0.882954567644046 0.0021847369069615753 0.012233531575006848 0.0016238796122908501 0.34587235911325315 0.3283557904013444 
0.0014129272962740017 0.4100903396806519 4.514852856953799E-4 0.001312673101503865 0.004114936927911521 0.9166144622220576 
0.46964997833474376 0.7183435320003391 0.517320846488808 0.014195928065606348 0.059812916492190754 0.0028106841719675387 
0.8224943683958469 0.02403732867375034 0.009813319810399537 0.31828522414900157 0.34555139762753473 0.3280798167219079 
0.01922641576441053 0.8888971692438135 0.3744719673645008 0.2974173246313358 6.97302819059127E-4 6.439801327084747E-4 
0.32493324871531726 0.45995463641846934 0.8005119729882985 0.23096390465426053 0.005739145481595983 0.002719060919325469 
0.26317719695319897 0.502975761633555 0.02730517239153481 0.15266148745003055 0.2906426449937393 0.767679864315503 
0.01306134230738899 9.43235973253916E-4 0.7731575334917448 0.21370982659196774 8.163910046820677E-4 0.6263678712574403 
0.0012434114235879848 3.058001364742466E-5 1.0727384995522425E-5 0.3125590494619321 0.003472723289288831 0.9562652563814722 
0.3714321789433483 0.6532318969795737 0.0026185906766301344 0.5191346583747322 0.011389336517404619 0.4142491856826381 
0.6496931600815544 0.03180159549720395 0.061708927650159166 0.19835730291289322 0.3181658493272118 0.6638242543347891 
0.29481208113133983 0.4215119932976018 0.5607203148581605 0.05033795805322939 0.3688758535727367 0.538440797895098 
0.41421533707491764 1.6241261139968952E-4 4.319470957031951E-4 0.0022332873780393767 0.0029598343126700528 0.9137633240863448 
0.4405220029746076 0.01534054762614047 0.6226485239472349 0.007326471173345728 0.001995926242698542 0.6695174066265236 
4.1390629851141054E-4 0.549338283007588 0.32873904467821347 0.6310992628495705 0.44624693426403783 0.01276531267095622 
0.23755528844332044 0.8014415007008594 3.6788786222916877E-4 0.5605898897505955 7.559807910878443E-4 0.004458344779666516 
0.6777641171531565 0.020575551864734767 0.4947434750715898 0.550943951677741 9.480264956618453E-4 2.1828602219579947E-4 
0.9445866577334743 0.004815259468495225 0.00367475927729361 0.011454045843564888 0.3365500034130521 0.00500240956129845 
6.08136669479664E-4 0.6098140094527047 0.7553443022431425 0.28482652331341984 0.0016988966090368746 0.009900472597399502 
0.25726788480192797 0.00114170269066882 0.5613224300845178 0.6166988449489186 0.49408930505200643 1.9336273733390613E-4 
0.4346743668736616 0.0017806523363731474 0.07543945788330961 0.5248082915630341 0.34132936994756835 0.6496715449271702 
0.01886829162306484 0.689227429263934 0.3522221442295527 0.007759802895735763 0.01223811247153108 0.6467384977825973 
0.8963290567127951 0.019606600284255656 0.45556782770776094 2.1982583832570946E-4 0.0011675870721657429 0.008192685994254904 
4.572400412883617E-5 9.635328704059102E-4 0.5889786209724432 0.5731129220443767 0.5795479083800265 0.002267706027430935 
0.5970575180434413 0.6856663665656334 0.004567020458543258 0.4236610258575833 0.0051174977300161165 0.002674504359942882 
2.3799597805253898E-4 0.39061871375500856 0.48427969522008063 0.18176958299698084 0.7655795324927464 0.003788321063094708 
0.00551331764964527 1.0884665270775192E-4 0.0030024502025909534 0.9114235930407215 3.7552507277144917E-4 0.41976376049335584 
0.014577200281634761 0.6750585772221702 0.009914112359317311 0.1871666344200088 0.3455229059373873 0.6271898116513003 
0.005174193526723417 0.4015797316177388 0.4649100781154053 0.5497832789623591 0.4103134841544869 0.41156809288019114 
0.2362336088017733 0.42153583854251914 0.6053341631552417 0.007702154327110508 0.001997191489783182 0.6532569068647937 
0.01261619026487475 0.5737760031989 0.823656813402411 0.0015649732640063542 0.004146681576206576 0.00293373966121811 
0.016012592803430606 4.283488556547068E-4 0.9457310927720342 0.37588706734445143 8.641694272689758E-5 0.001712569459956827 
0.4470874996346095 0.010242203880951897 0.7351419325797075 0.26122542369122664 0.002082676877342593 0.4467577589989204 
0.0016145995869376003 0.0024311464509534334 0.3148223538207036 0.2965806098265422 0.9050433924333701 0.014111742494323938 
0.4835931355435624 0.7351229951822886 0.015077534944805718 0.1784191988765639 0.31483765589963547 0.32129632032494526 
0.5775744473767639 0.8257957260682296 7.3843635417963E-4 0.0029835694544587212 0.03480330392126677 0.002800761667803545 
0.3870408153949777 0.5918648007094534 0.4019630988252169 0.5850891119984801 0.05980092253106722 0.0028101205606496796 
3.3161106660305737E-4 0.31556269146392163 3.782121772512337E-4 5.825494204054874E-4 0.7167461937539564 0.7012101021943401 
