0.005024997517466545 3.9610910415649414 
1.3950748443603516 0.7996670007705688 
1.3192862272262573 1.2765674591064453 
1.3016444444656372 1.5063754320144653 
0.8179380297660828 1.634272575378418 
0.3112836480140686 3.136410713195801 
0.7473827004432678 2.290325164794922 
1.345254898071289 1.0103967189788818 
0.3847666084766388 2.409790277481079 
1.3564497232437134 0.922683835029602 
0.790343165397644 1.8038887977600098 
0.09983745962381363 3.2188940048217773 
0.352911114692688 2.6065239906311035 
0.367732435464859 2.48922061920166 
0.3504031300544739 2.6330530643463135 
0.35998186469078064 2.5457751750946045 
1.352988839149475 0.9494554996490479 
0.8029282689094543 1.7070757150650024 
0.7798653841018677 1.9010396003723145 
1.3690299987792969 0.8559353351593018 
0.3397856056690216 2.7508294582366943 
0.8224779963493347 1.6193569898605347 
1.317869782447815 1.2943840026855469 
1.3626906871795654 0.8904481530189514 
1.3508646488189697 0.9651268720626831 
0.7860797047615051 1.8403187990188599 
1.316480278968811 1.3088667392730713 
0.777724027633667 1.9228458404541016 
0.7581923604011536 2.1457464694976807 
1.3240045309066772 1.2194710969924927 
1.3126709461212158 1.3560335636138916 
1.3368924856185913 1.0866961479187012 
0.7995938062667847 1.732714295387268 
0.7682616114616394 2.019425630569458 
0.36336830258369446 2.5192439556121826 
1.299100637435913 1.5467233657836914 
1.3281748294830322 1.1740915775299072 
0.7634966969490051 2.081411123275757 
1.3100532293319702 1.3925533294677734 
0.10619969666004181 3.1928834915161133 
0.749365508556366 2.2620444297790527 
0.3147706389427185 3.08337140083313 
0.0923621729016304 3.2708613872528076 
0.3198107182979584 3.0122203826904297 
1.3056467771530151 1.4538073539733887 
0.7422519326210022 2.358358144760132 
0.3805099129676819 2.4238898754119873 
1.3648560047149658 0.875723659992218 
0.7442207336425781 2.3305745124816895 
1.3002570867538452 1.5234867334365845 
1.29765784740448 1.5704803466796875 
0.051211658865213394 3.8396718502044678 
0.33738115429878235 2.780541181564331 
0.06486225128173828 3.630277156829834 
1.3720554113388062 0.8437464237213135 
1.3325605392456055 1.1273325681686401 
1.311259150505066 1.3719887733459473 
0.3572768270969391 2.567232370376587 
0.33391308784484863 2.8246467113494873 
0.8101538419723511 1.6684614419937134 
1.314782738685608 1.3282724618911743 
1.3593579530715942 0.9081621170043945 
1.329781174659729 1.1563528776168823 
0.08521867543458939 3.3432114124298096 
0.7729188203811646 1.9700603485107422 
0.7568127512931824 2.1720967292785645 
0.37142428755760193 2.4666244983673096 
0.7945458889007568 1.7679758071899414 
0.3079420328140259 3.1767523288726807 
0.342987060546875 2.7129251956939697 
0.0964544415473938 3.2410597801208496 
0.7613065838813782 2.1023011207580566 
1.3338903188705444 1.1111866235733032 
0.8273642659187317 1.608750820159912 
1.3088531494140625 1.408366084098816 
0.37412139773368835 2.4511029720306396 
0.3916722536087036 2.396937608718872 
0.8370823264122009 1.5979382991790771 
0.3301304578781128 2.8706531524658203 
0.32791197299957275 2.900783061981201 
0.7837715148925781 1.8690060377120972 
0.7746124267578125 1.9523776769638062 
0.7542535662651062 2.200237512588501 
0.34852710366249084 2.6539673805236816 
0.3222857713699341 2.972750663757324 
1.3491398096084595 0.9792012572288513 
0.08166035264730453 3.3856828212738037 
1.3772425651550293 0.8248693943023682 
1.3037621974945068 1.4740792512893677 
1.3365150690078735 1.0933754444122314 
1.3398250341415405 1.0621252059936523 
0.7964035868644714 1.7525211572647095 
0.009255589917302132 3.900108814239502 
0.05888156220316887 3.725625514984131 
1.307264804840088 1.4317940473556519 
0.7519980669021606 2.2311902046203613 
0.07738064229488373 3.4427576065063477 
0.07258124649524689 3.508697509765625 
0.8132520914077759 1.6543539762496948 
1.343504548072815 1.0250136852264404 
