7.341690950755637E-8 1.0001066529962437 
1.0003433224192635 1.2511616084495483E-11 
0.5185790070300931 0.8551623256914828 
0.31442882382692344 0.9494117571023493 
0.8746196194970964 0.48504445628847387 
0.21894049984901431 0.9785587259976304 
0.9581344152232691 0.2866920235135652 
0.3991944382114932 0.9171789143149677 
0.05745130778821335 0.9983864494984299 
0.9995401449324154 0.03529466140675847 
0.7332122350448358 0.6800609606032729 
0.6540738959508835 0.7565785894982454 
0.9033098324591473 0.4309156938829058 
0.7746569327563935 0.6380788851817121 
0.1216692903708516 0.9926122237428562 
0.8348486584134248 0.5508675802796291 
0.993223919614089 0.11747457921848328 
0.5930415226298997 0.8053161194516102 
0.9185958063420439 0.3961824933510856 
0.9861892214696436 0.16629480927017054 
