2.015376567840576 0.13590958714485168 
0.12337920069694519 4.003556728363037 
0.1491459310054779 3.996730089187622 
1.566233515739441 2.5115697383880615 
1.0029045343399048 3.475905418395996 
1.9549301862716675 0.9400800466537476 
1.9292848110198975 1.1279374361038208 
1.6975274085998535 2.14324951171875 
1.1380101442337036 3.305560827255249 
0.8450498580932617 3.6397619247436523 
0.3153845965862274 3.963083267211914 
1.7457077503204346 1.989815592765808 
2.0029122829437256 0.26747649908065796 
1.9993603229522705 0.38409140706062317 
1.9091380834579468 1.2564289569854736 
1.967400074005127 0.8097777962684631 
0.38865604996681213 3.932889223098755 
0.6210567951202393 3.8139944076538086 
1.1641954183578491 3.268731117248535 
1.8717477321624756 1.4543393850326538 
2.0046608448028564 0.23492209613323212 
1.1816599369049072 3.2442221641540527 
1.439042091369629 2.798609495162964 
0.9016138315200806 3.5846610069274902 
1.3815525770187378 2.911266326904297 
1.719342827796936 2.075814962387085 
0.5198580622673035 3.872451066970825 
1.993719220161438 0.48430827260017395 
1.8967679738998413 1.32260000705719 
1.5881544351577759 2.4559524059295654 
1.4908432960510254 2.689969778060913 
1.9708759784698486 0.7642053961753845 
1.9236009120941162 1.163845419883728 
1.0770920515060425 3.3866052627563477 
0.5860479474067688 3.835747718811035 
1.316455364227295 3.0306482315063477 
0.664858877658844 3.78379225730896 
1.5539394617080688 2.5427563190460205 
1.9806196689605713 0.674803614616394 
0.48694026470184326 3.894174098968506 
0.7288548946380615 3.7390220165252686 
1.269571304321289 3.1082499027252197 
0.7028206586837769 3.758563280105591 
1.941012978553772 1.0397347211837769 
0.3330268859863281 3.954035997390747 
1.862030267715454 1.522438883781433 
1.246036410331726 3.146756410598755 
1.0237045288085938 3.450763702392578 
1.6236592531204224 2.3634612560272217 
1.8847739696502686 1.3888559341430664 
1.819714069366455 1.6996254920959473 
1.6734519004821777 2.2196719646453857 
1.6098707914352417 2.400264263153076 
1.974960207939148 0.7207557559013367 
1.9908761978149414 0.5390413403511047 
0.1972530335187912 3.9912655353546143 
1.7791354656219482 1.8677388429641724 
1.3036609888076782 3.0507476329803467 
1.2032850980758667 3.2124462127685547 
0.8662211894989014 3.6187610626220703 
1.9453167915344238 0.9938276410102844 
1.1093504428863525 3.344691276550293 
1.056661605834961 3.411674976348877 
0.37000423669815063 3.9417316913604736 
0.2438136637210846 3.9827206134796143 
1.3992127180099487 2.8771438598632812 
1.4658551216125488 2.7418806552886963 
1.844667911529541 1.586021065711975 
1.9345102310180664 1.0787566900253296 
1.3424420356750488 2.9847328662872314 
1.9138809442520142 1.2205508947372437 
1.516969084739685 2.6288833618164062 
0.8246514201164246 3.6722919940948486 
0.44234058260917664 3.910996913909912 
1.7422089576721191 2.05122971534729 
1.607670545578003 2.443580150604248 
1.2183277606964111 3.1900792121887207 
1.6561708450317383 2.270439863204956 
1.8631232976913452 1.4962074756622314 
1.9860302209854126 0.586492121219635 
0.7884595990180969 3.688868284225464 
0.9643343091011047 3.518681049346924 
0.9173681139945984 3.56870698928833 
0.9381166100502014 3.553588628768921 
1.6410845518112183 2.3142619132995605 
0.7524986267089844 3.71996808052063 
1.9628371000289917 0.8489549160003662 
1.2863695621490479 3.0893499851226807 
0.2606033384799957 3.9754326343536377 
1.5446659326553345 2.6077280044555664 
1.758201003074646 1.9396511316299438 
1.810161828994751 1.7377607822418213 
1.8348511457443237 1.6294547319412231 
0.6413143873214722 3.8002986907958984 
1.7981624603271484 1.7956098318099976 
1.4144330024719238 2.8476386070251465 
0.4265552759170532 3.918734073638916 
0.5538697838783264 3.8559486865997314 
0.2161291539669037 3.987999677658081 
1.366617202758789 2.9453883171081543 
