21.092465133930382 5.150174022148777E-6 2.50375530255425E-7 
3.7858632619171846E-5 121.41887386842853 4.088959565201606E-6 
4.061799720456253 1.9719898626812928E-5 0.6560750486253202 
0.062079146329530537 4.343976156270482 1.430792430969006E-7 
0.12126468189884936 4.255022346185678 4.2599385038405703E-7 
1.841054944746729E-10 0.03243062941015665 5.268230663934386 
4.150010572989787 9.152611947440109E-6 0.0011559245942989853 
3.240904663552051E-9 2.919214922898659E-4 4.26727522519752 
0.0051395679675612415 3.540831226491109 0.024955547314462555 
1.1429080594730243E-4 4.278221062120735 0.2660236779614421 
3.6005183039034813E-4 2.3292021356234293E-7 4.400911313991644 
2.5933098658656012E-8 4.568178230941403 0.008867807847171913 
0.1340615069368888 5.176606633701217 3.6730242131179486E-10 
0.006518697846224509 3.9072810620986633 0.005726211857187356 
4.065049743992793 1.2886753834653314E-4 6.859980893269516E-8 
0.01618349107302516 2.851661857897757E-6 3.5220237244235957 
4.757226793915276E-5 4.285028067808134 8.605113998195874E-7 
0.0011512900919363879 7.380430617014997E-6 3.876291882521887 
4.016152071914184 2.016531234990667E-5 0.8379550769981127 
0.013840405441715463 3.353989353843375 3.7435767000286116E-5 
1.1394690984873042E-4 4.265348079732543 0.2699720698796313 
0.4925854964018212 3.7753331659053004 1.130940001978861E-6 
21.034953808606165 1.0229290211929863E-4 2.4969284909795033E-7 
4.1338095195838855 1.933748567282205E-5 0.00488216665098565 
1.73978475598615E-4 4.218745037430362 0.0035573950216802276 
0.049486447233026996 3.1243742150609823 0.06123062535379265 
5.281225309523423E-7 9.39837442721831E-4 3.1642850016578614 
0.049492481491001945 3.1247551937142926 0.005693413683542169 
3.220252977126581 0.006087256249868211 3.757656384584397E-6 
2.2826639747273093E-8 4.020967958806927 1.216416133304545 
1.564489115533006E-4 4.093956056581102 0.07661691957941799 
0.007223428661899576 3.3000587107449206 0.0018172320267304742 
1.0305334834012827 4.118176090065751 6.69317069355694E-7 
0.051343077441852035 3.135916511279994 3.8746074086837256E-5 
5.266724121622287 0.12346197244457242 3.0578695203033676E-8 
4.404586133230771 0.22500285703934583 6.60173481113369E-9 
5.206896216762336 2.964790542496784E-4 6.494462665609348E-8 
3.0506943249744745 0.00657885650262766 1.331911869345146E-4 
4.7572074867748887E-5 4.285010677079868 9.398334063487904E-5 
3.021210872687121 0.031660519895256534 1.5428580784886443E-5 
3.2528715887299944 3.401987755493903E-5 0.004776302640098216 
0.117924259839844 2.375611150456282 1.1950666779409937E-5 
4.097189474581495 2.057220544248636E-5 2.1924568389582408E-4 
5.522472198817751 1.3484290563381E-6 4.766010385918423E-5 
3.393775216268883 4.54121935988653E-5 1.8160511564157191E-4 
5.83907430369934E-6 1.7603763643883721E-4 4.241120674171577 
0.0015805565879811274 4.283410866013502 4.2866196641885103E-7 
0.020098361242172375 4.923002558709221 4.962456364318928E-9 
0.0024250881275240262 1.7591300253611643E-7 3.6348311182416575 
0.001540923223138145 3.9545273549333886 1.37202791432285E-6 
0.012844211006006913 6.451718709769118E-8 4.0970128287426855 
2.223896929037313 0.18662930621731363 1.2641503550074229E-6 
3.493408646876774 0.09520541707356805 1.2124921643291777E-6 
4.0457824754426595 4.51755720257062E-4 1.4036888878394457E-6 
