1.0063541580847017 0.011225644832870196 0.0024237320443702575 2.954192275549059E-4 0.0018011438492945395 1.8731108667458532E-4 
2.6530812874314935E-6 8.52569723902245E-9 8.900338734784522E-9 1.409861046090097E-4 1.0215751088503169 5.944963208349499E-4 
1.430765001145122E-4 0.009662682235434013 0.2533562415138025 3.415021285871379E-4 0.0021029567775464595 0.9698036173250832 
0.010354510231285223 0.001338697814480413 7.134347720190432E-5 1.0022150142241786 0.0039826141667491195 6.657101613756048E-4 
0.012502192986623294 1.00256263466993 9.476417735685024E-5 0.0013504900699127422 0.008316265135101584 4.931748100646238E-4 
0.010730299924816972 0.06182101901495844 0.9982121925047869 0.003055347729147824 0.0015354820526294224 4.317070613557717E-4 
4.876417291561493E-4 0.15681770698468378 9.042379256292288E-6 1.908294272958264E-4 0.0013007090813932007 1.0011438620928599 
0.36210573945603786 0.001747589592411813 0.0038832648056435237 0.0036868995886440584 0.9336233999607954 1.1524340101417698E-5 
0.008238872846424057 0.5087065927110079 0.48326701288449353 0.722331356626253 0.023851990523001607 8.860666762114694E-4 
0.8243524575927951 0.44877642026402353 0.006241530482424462 0.008072214274069381 0.3609750734282662 0.005412028561869761 
9.865037028690047E-5 0.008036233026224674 0.8536663972490951 0.38260498006227944 0.36628348295663493 0.017717087745112065 
0.011481900550056257 0.8740979653975358 0.34647568290687203 0.35194847911099975 0.009323720661318825 3.4397286304069973E-4 
3.8826892914949025E-7 1.1820491732124325E-4 9.976487720606409E-7 0.01013159272770277 0.9434165024341885 0.35062979145455603 
0.7802869549317197 0.38404070181135624 7.26798460959097E-4 0.005290210309358238 0.35777468247114097 0.35091080218221027 
0.8456655667408799 0.4065033921524936 6.345886002079869E-4 0.00682941811531768 0.0016524143426637416 0.3540062129048255 
0.0015707504485739788 4.224730216865198E-5 0.17657080763614819 0.2883451152191849 0.8069962670123321 0.49330208390389463 
0.4779921659389681 0.3535794905725789 0.8174004009616196 9.558012427913421E-4 6.527060309656075E-4 4.3570147564345765E-4 
0.38590080229491563 0.7931280894150922 0.005865371833386475 0.008111094087249554 0.33835130170697825 0.34721946688438443 
0.5052979235388922 0.029983316816391433 1.6153593134367596E-4 0.48143175075580025 0.7324536606961832 0.002539265666461944 
3.542110643702357E-4 1.3289530876760105E-5 0.29106861222494906 0.45596817142841506 1.7357071247732446E-4 0.8470330791133328 
0.002867315893690964 0.6541755714711185 0.642433009302138 0.40254093773259836 0.003211276719963383 0.006681266845306446 
0.3514641979558711 0.008531993407688223 1.1219342772554609E-4 0.334374388929529 0.5111827344091887 0.72791094475786 
0.007064814520476962 0.41798671495828804 0.6953242687550124 0.00792540445514097 0.3400801179134986 0.4901524356846847 
0.5011073313147549 0.024970282878887317 4.193012698856857E-4 0.7952048477107887 6.055268286587302E-4 0.36488407514583343 
0.0059157731352443505 1.4716055560091824E-4 1.5538948176386982E-4 0.3414825822514294 0.0015635182950465385 0.9427126982138845 
0.3553198965703061 0.8145944571206708 0.35741323713237677 0.008671446839470298 0.004290475251579521 0.35825746476739945 
0.00820516064595629 0.9538714360394597 0.011577610079170096 0.010137755728871288 0.34755342210320894 2.9954798119105054E-5 
0.08830945478600152 0.0022158557159388664 5.139650348060679E-4 0.1193117765959643 0.3075894990452721 0.9427227727819519 
0.005728069840485152 0.0021597150690021286 0.2037647687377479 1.9911402275259814E-4 0.5468005849609627 0.8130303476597485 
0.0010275105415858716 0.310897683373825 0.5365114403662714 0.0071127762077912325 0.7878032060729946 0.003150348855751478 
0.024654497107812753 0.8241664012031092 0.017393691334128537 0.3495249811931925 0.3506862667014516 0.3809307920061262 
0.0022259012279228405 0.001390201029762263 3.2727337116686165E-6 0.4134491465607462 0.9142353559643495 1.4105995635100402E-4 
0.013560585856231426 0.5947216342673564 0.0027847555310503923 0.8091528076147977 2.385007086751402E-4 0.002324888776073229 
0.8603573121070135 0.3243896641327101 0.02937596224208118 0.25697655121444246 0.005567578715627817 0.4021315882217304 
0.7717047159422229 9.13464403984532E-4 0.32776014164304584 0.22448372229957228 0.3616164623490584 0.3644322961838337 
0.0019398951588316031 3.453238276711259E-4 0.31913659564940106 0.5251055821058289 0.7927477014164314 2.3367550727140744E-4 
0.06956919376017068 0.0015878016808380557 0.8477772556099724 0.3734531304602673 0.0014561137624123767 0.37225915095087947 
0.24773975663903675 0.6060427582144644 0.00532202588902649 0.667145708431577 0.0013945754546806836 0.362750879932083 
0.9378437652991363 0.0016112014539675262 2.722425681706221E-4 0.34783365717398496 0.0035078625224263913 1.0738799798753468E-6 
0.3504287540196543 8.984822856260114E-4 0.002018397017543111 7.081085261462999E-4 9.53121311080957E-4 0.9390398768990119 
0.6496699634799912 0.0015836676577738655 0.6530091982064328 0.39729002882498055 7.263504655877155E-4 2.3371007132704207E-4 
0.9272267636012024 0.017853265127218534 7.713480528010159E-4 0.005607486703839093 4.2813537197196436E-4 0.3799280605021523 
7.540818396751293E-4 0.2873115037933943 0.003162296115911724 0.49153178156180194 0.723274731909598 0.39618047055507977 
0.9127311471145348 0.4484403338369139 2.5730630245454E-4 0.0033077687574281133 0.0018135872309554284 5.422187082571265E-5 
9.20624072464578E-4 0.006029449726590046 0.23657037855350932 0.4182610728699248 0.5063159969990527 0.7209808370143055 
0.0035054097720962595 0.6415553052657942 0.7706884113034926 0.0020293408624149746 0.0019930732899271866 0.039033276552991915 
0.41163936764589326 1.6808345010111268E-4 0.9199730618913193 5.685851071181117E-4 4.4009941609965587E-4 2.5754102817775362E-5 
0.254488300520467 0.09515938183595021 2.279454646349842E-4 0.4436724937004607 0.27124063183968444 0.8144302012681515 
0.2230436343384987 0.5951059876420883 2.0329384493579254E-4 0.5768722408634197 0.3481902394872668 0.39492842030628306 
0.002148698369266772 0.4164522186293345 0.001476904482788535 0.0037047887644479525 0.36195744960453713 0.83476062455896 
0.014822117195039255 0.007212609342206196 0.005167596211571767 0.9308965044620203 0.002637976771763427 0.36625374657523774 
0.9394176353955214 0.010478983606283548 0.0070044620026557276 0.09342242592169862 0.001689676843459315 0.400455258747774 
1.2674122958729125E-6 6.297070918151816E-4 0.35012175201416107 0.940179387977239 0.028465755455551366 3.0617488258758276E-5 
0.007202112571005124 3.561575959859027E-4 0.26182762629497086 0.8989356646858228 0.024125005348541426 0.3774190714301371 
0.42421759189655567 0.9092766365737789 0.006796999871312225 0.004299885707392231 4.632123960435871E-4 0.011986011535974088 
0.011476499485041827 7.19768069811885E-4 0.7319746061365783 0.006109761352311175 0.6878040147964366 2.762509917528697E-4 
0.013039870519532534 0.9631285389947694 8.80155942712565E-5 0.3103973971952011 0.0018906690010108854 0.0013315009294784979 
0.012341091187966002 6.102894568802001E-4 0.4486515004838323 0.7329093549023937 0.35267356356082497 0.37433092611584884 
0.9357416570969884 0.014964801007813337 2.98418230820475E-4 0.006811711900631974 0.35887102656704856 0.00538843716913858 
0.606673838017631 0.0018764001563856734 0.009549162023951478 5.947460579503464E-4 0.7667032644906037 0.21779040375837366 
1.0647814194768942E-4 0.03207012599391844 0.986577394760833 0.17498829170731006 0.007963103663752646 0.00668900551891179 
0.12126416858969362 0.7333611675726283 0.236790030607832 0.5357675950471998 0.3480983838488536 2.258869052094967E-4 
0.5948328391836498 0.0028707738257441277 0.0027845849051660815 0.8091032296853161 2.3848609540159696E-4 0.0016469093612322982 
0.002135253766212648 0.3907912258096127 0.46945020405649635 0.0012361344325258557 0.0012140427297633483 0.7930231104179845 
0.010715550793594564 0.0012993701310158783 0.6870974232077937 0.005735173387701202 0.6456349199502518 0.34632053253664197 
0.007660716103770908 0.3802142268872345 7.388504734992355E-4 0.003173890698607871 0.8575759377781286 0.3554499053305453 
0.3202584593822798 0.004464684201925977 0.535502651136273 6.116312842852877E-4 0.7832422250559719 0.0018433877554650119 
0.899121059297367 0.018221883362642705 7.640931130721746E-4 0.008269808682425687 0.2606227770204029 0.3633546584280304 
1.5423850817454382E-4 8.886221087487393E-4 0.38080706976195094 0.0011632892546293416 0.9278109984063371 4.3288641306907173E-4 
0.002042097732547553 0.40520377668813556 1.393023984359954E-4 0.0013096765802333564 0.9165030182226345 4.1088059392540427E-4 
0.5072741430556096 0.310308796787646 0.00278373585749674 0.8088565260527042 2.614556868674057E-4 6.821041322435651E-4 
3.2098850387546645E-5 1.9847262897325723E-4 0.0017934349529566886 0.9314785530315192 0.36795435402430426 3.1116549110811427E-4 
0.3482732019614192 0.8672761790583547 0.00759698265319315 0.006855187656380193 0.00174616537495667 0.36270800744327847 
2.1303769436885212E-4 0.39760055353535667 1.2688358462791286E-4 0.3781560287019034 0.11684992125828472 0.8348786378675355 
0.720151612956687 0.3870253905749343 0.2774803439980234 0.3796425234441126 0.36448644626092064 0.01830403121672142 
0.294449398149801 0.7140145756565345 0.3051592023994886 0.4136073798006753 0.026062595165640128 0.38940826689270563 
0.41757025986731616 0.3088843087461748 0.7140746693509057 0.008030420430172538 0.3304735842065069 0.3447969443751253 
0.0723773726509448 0.003034872865498248 0.663972273761136 0.6492678004796228 0.36795435402430426 3.1116549110811427E-4 
7.358347756084737E-4 0.5662378652875723 0.5560689279043095 0.3484262241221303 0.3562413212484701 0.35272649061422495 
0.4111410485270381 0.8450034629603145 0.006249002622535473 0.008658686074820806 0.3604815833362384 0.005416747449268515 
0.3892700044949732 0.7870239554286135 0.006626400501737565 0.3577341955180384 0.006933091113162903 0.35409914223683403 
0.45017624826331476 0.006420928331607492 0.81359111522433 0.010680892996609424 0.37720745489831226 0.003153234810580482 
0.012393384304091622 0.8679474827060106 2.754879675722897E-4 0.0063180417949658205 0.355343905352413 0.3538756508081407 
1.5335435413330997E-4 8.393948250021339E-5 0.9428527906182337 0.005735345526522357 0.006606194021888475 0.351838414382249 
0.7365822906431293 0.002469030785298256 0.6799748286977869 0.007296450709200352 0.01552440970484638 6.912388394916117E-4 
6.595205745081128E-4 0.13086554249332094 0.9318416058668921 0.042933652223773495 0.3379297393801919 2.83493933145748E-4 
5.712068618568673E-5 0.5498579094804377 1.7547242410033672E-4 0.5229672162799379 0.6584587777819824 1.2558796540875937E-4 
0.00192746427920929 0.026459548862479036 0.875323708619314 8.396198616862057E-4 0.33038617718953833 0.3593236058824801 
1.638087848737835E-4 8.886095772384616E-5 0.0016623713516742313 0.8634064250313286 0.36425825462054023 0.3579224293126295 
0.005235184397825691 0.030161732334831846 0.48701573418597366 0.0014906674439335095 7.490617426655111E-4 0.8738806596520318 
0.008887537423737404 0.2955985178074763 0.4982192727041633 0.006653574376194013 0.7360895466723077 0.3573501312939472 
0.014886009302620839 0.49510703315526616 0.834482756540716 0.01114427600554092 7.197373604594986E-4 0.37020799357360507 
0.8941120219382809 0.0010583575405756693 0.37635117125755685 0.28914194699627693 0.0035499252838967735 6.723481819789258E-4 
0.8556535660338825 0.0685169684034319 2.7371572420433973E-4 0.3696537472064009 0.36225279412823796 0.005866789831822817 
0.002291736743306339 0.9384116634210493 3.317040760156015E-4 0.0030330512960775624 0.006645153447289244 0.3565179276029737 
0.4213666737773741 0.01133318485252313 3.5364076071709604E-4 0.6883255099316478 0.3297494314326088 0.4987057353930555 
0.2966058442861398 2.8147288547888843E-6 0.4959050388699724 5.66404358902793E-4 0.7301672120183003 0.3653680976608965 
0.14128677621665686 0.5038395141148885 0.003395900124662522 0.7937823452062106 0.3612377177707282 0.017398400531724468 
0.007639492667556725 0.0030035412085381687 0.32552978249630504 1.9309392130469405E-4 0.8680846683769633 0.38116788839995147 
0.7456598114608441 0.5785113562707584 0.002921688716399834 0.3801129727444362 0.025326583180945286 1.9850681403082312E-4 
