6.732435876090552E-4 1.3678524345538382E-5 2.31116199396735E-6 2.2158833995318831E-4 1.0117754437466362 
0.17053980170430957 7.577177037861019E-4 0.007151754413921543 0.986443671526005 1.4197743536549292E-5 
4.4581840582076366E-4 0.9484353243414043 0.32276919420876443 0.003778374431966796 0.0010238260391104124 
1.0118085571755961 0.005019380148393839 0.04616774294329071 1.240958632205526E-4 0.0014567605545457666 
0.027311905950372153 5.172329903704488E-4 0.9541597285510895 0.30523683152969305 0.011217125063654134 
0.9723302226235782 0.0042900583843121795 0.012997428150278779 4.1590920848630776E-4 0.2613893648224681 
0.8617390779896515 0.33701285065432146 0.2713777059456934 0.01684558194558206 0.28635661473866736 
0.002223038998988108 0.30255536085053647 0.01896283947397037 0.9016050175578932 0.31255334057597695 
0.39735537738611965 0.004257501094306118 0.8159012270136928 0.4252697162826731 0.007709481918546518 
0.18134796258261077 0.002420204361157727 0.3200246255788302 0.5885791451158642 0.7282748684408047 
4.498639850985538E-4 4.585482290045141E-6 0.6155077511124836 2.736282138028023E-4 0.7913820241703541 
0.013031544944156481 0.376217865965798 0.3515279632852141 0.0014176176778176936 0.8714361011987344 
0.9198996364274027 0.004020365287440398 0.2756345678852198 0.033789620276149 0.2853150399892552 
3.4813549790805394E-4 0.7306031868709821 0.6850528654386624 0.0022165636074285115 0.003853150183852101 
0.48591559761164754 0.6454324672957563 0.2821732021644586 0.2920354185539715 0.4293259039692862 
0.3706092189848418 0.9455270487399635 1.6427647652004618E-5 0.003898896985551996 0.0021966615699300644 
4.1347652451597386E-4 0.8740160988914818 0.0029976729796435202 5.438974159865521E-4 0.504280911088543 
0.3494053443945123 0.8914300756043154 6.494496722709977E-5 0.32505814417868883 0.002187063564245249 
0.6967465969288444 0.005035772309446812 0.7235977911085623 6.573767370255908E-4 0.007362679251777319 
0.0221633017374246 1.1364115718010966E-4 0.43794159029843743 0.9002755593557434 0.0014236757691990186 
0.005938269832881978 0.6647875220090924 0.6286689976128141 0.3064053308381255 0.2672345487533701 
0.1586078587394118 6.776361985594988E-4 3.838365694762992E-4 0.8219280447884412 0.5552828961683607 
5.492866957518386E-4 0.2652639278312899 1.3463482259360075E-4 0.7899461129894304 0.5681749157531271 
0.3415228142466464 0.8422522271950732 0.32097722620453834 3.3936343977499677E-4 0.32528036263023635 
0.02883503799653541 0.3414869832120575 0.9177256592509743 0.005919594979773958 0.2122461176580802 
0.3223048094931478 0.0014569714083408159 0.01522138462781846 0.0011382914219301944 0.9488333592405437 
0.8796610441503344 0.35591737698192616 1.3239939529461586E-4 0.32288235446233626 0.0011385081806219856 
0.5628471557010755 2.71908659291047E-6 2.8567270759781227E-4 0.8281292522963446 5.925213395666539E-4 
0.028214991184108563 0.021725926246280815 0.6258695160658173 0.20841839957727787 0.7513310739765784 
2.8038663270735596E-6 2.847051642886801E-4 0.010464186279767938 0.2849828289815419 0.9598600829006604 
0.3027699203725853 0.22455259519515497 0.7966233445237144 0.4156920517602204 0.22902561461046053 
0.42970670044465775 0.8773106599579856 0.011094137509695758 0.0041868560136246675 0.2558776886380291 
0.953697164323671 0.3462969006658331 1.4156421684330024E-4 0.004729147767677961 0.001154888797325359 
0.6349048327123293 0.28753511576304647 0.6464187106074103 0.31796192033033327 0.0020632674309382774 
0.24627545969620848 0.5016087530642123 0.770091931064736 0.08391113385793741 0.3312378830426864 
0.2589685928023637 0.5274618635515931 0.8097827691086016 0.08778873607413865 0.0010808638788560388 
0.9138614973643929 0.008588127881001363 0.01351961966465706 0.3116544040411778 0.2717300526688061 
6.650685762298644E-4 0.10779358949333799 0.8053414197846607 0.0047654312336971585 0.589668688044117 
0.4564339836285601 0.3575969794705474 0.30127090789366456 0.4268332981491128 0.6332366759355882 
0.007515111692556909 0.697965306046042 0.0016332974492967293 0.442924524138496 0.5943131241414468 
0.0027039705056347858 0.08803785286625024 0.2872753695889775 0.8292935823658314 0.4720131662397635 
0.0012253563887922637 0.021971147074602505 0.7623091669929476 0.33307814640781536 0.5587026669463223 
0.008403507503129647 2.6895387552301448E-5 0.3007163689011567 0.0017643826089362464 0.9578121694091098 
0.3696555385255692 0.8255016627839302 0.056687788595418016 0.3182184740928065 0.32416225634864787 
0.7548338183549543 0.5872071118713188 0.2986561671287547 0.007293596343697276 0.002392167129965627 
0.061748959815275624 0.7027917007022787 0.6615196380990066 0.0026618874083489995 0.26658701818088903 
0.6595240511342625 0.2973776782170933 0.6387873562251861 0.0021474493080627993 0.26687256948196164 
0.2913667828009061 0.004991958214833748 0.7793480008993834 3.5571813464461245E-4 0.5559013286136882 
0.4500099323823885 0.4823739982405158 0.003356369754499619 0.003822312065203501 0.7580059110040005 
0.7202097480662248 0.5957328368751337 0.295148460429138 0.0015403535444132282 0.2741943066109469 
0.2402697294979727 0.632595364094368 0.6689418192057472 0.32304102648116034 1.7893111670898691E-4 
0.6460046457676868 0.49832016080325175 0.004605750778414479 0.513941483914251 0.2697315831082765 
0.11681141757798932 2.069485804208494E-4 8.830399843662049E-5 0.6053268831920178 0.7925939111014806 
0.6272115498510424 0.7850752929131988 1.3100680809655744E-4 4.2919733476517297E-4 4.32835237533426E-4 
0.9251310411962386 0.30338724667974776 4.6149773304561754E-4 4.1640977970029653E-4 0.27396587737002553 
9.695964103256308E-4 0.9706442206527438 0.013953778779831191 4.1519000362249414E-4 0.2609373611190309 
0.0070014188049313895 0.622976556731881 0.2107413395743453 0.0010602020882715655 0.7557583508802215 
0.8454173506286161 0.3243809071918618 0.2790773866066415 0.3326054000809164 0.002068587987926969 
0.7923599876121907 0.007446302225258068 0.011722132621742062 0.26507062949906 0.5549259862949166 
0.9000775722071076 0.011122007552176353 0.31623513990626784 0.30747704517574137 0.012824276997294732 
0.7107512397384915 0.026367928916711247 0.654826159573633 0.026062893568737037 0.26658626863345436 
0.18890104211874528 0.2537103160411636 0.9551780024711778 0.006376371081053486 0.014331780636296938 
0.014725781128605776 0.33991753964178817 0.5233522942891453 0.283036855060332 0.7357150228553128 
0.9512851037183744 0.002508845973562581 1.3272752493338064E-4 0.32368256408638696 0.0011413297817116806 
0.2779064970149847 0.5658694849143888 0.4851752712569236 0.274727629653224 0.5446972494991426 
0.002810673118179359 0.285489559057482 0.015694436394865768 0.0026845949938172687 0.9624585957595558 
0.011405060867724998 0.27535773967534694 0.46366846224723407 0.8574126299028988 0.0031694152142981154 
0.03309307477420711 0.8441520959629325 4.287779523938093E-4 0.5530042449965487 5.97496289019101E-4 
0.3084264913156397 0.7009412182066389 0.5184926005470297 0.3189349806881482 0.256217548152666 
4.2631028301029245E-4 4.004209191336055E-4 0.9026651607371151 4.0048834588298453E-4 0.43706157111353994 
0.8360666046965545 0.011771982661938228 0.3607989264501771 0.2778432934148488 0.3086058368720373 
0.029715690346360873 0.9137475380747737 0.3252475901575719 0.283118646267286 0.003021467426150415 
0.6825202469381191 0.3053134414378436 0.009764708254284953 0.2501121624634593 0.6197848156500908 
0.24781058885293383 0.0037936158561393944 0.9070499011893789 0.30606079934948127 0.24743300748857275 
0.8814363197437718 0.02531857638545189 0.4735203089762569 0.020832854466528508 0.025280235865018326 
0.3508968361036779 0.008049728983965776 0.9459851510808096 0.02100153899726524 0.021196542119706233 
0.05415184395991305 0.25911683513078587 0.8192221462996367 0.5240174733668927 0.023657111944039733 
0.8015183201424289 0.29117356891463253 0.36757837747999966 0.21284053812332956 0.3374193903008278 
0.4224840349615544 0.8685803068466942 0.313581186193657 0.0029572564797396184 0.0010928680648739318 
0.004237565598995344 0.5745113981186392 0.5655407314702551 0.007277952526066601 0.5960048358974503 
0.7311542285312247 0.004101270871289007 0.3851566781523249 5.411586261766551E-4 0.5713940224542835 
0.02163833775398766 0.948968973797894 6.694038039887285E-5 0.3264294029274292 0.010623572762112458 
0.0016825796768942976 0.5849224295512393 8.796066833789119E-5 0.8137283361695435 0.005995035154446822 
0.5648854719080272 0.0037633424600502516 0.0010945109082291583 0.7912936581437554 0.2684980205178738 
0.3154243837761533 0.24281107917383007 0.12414195989192776 0.2777950316978532 0.8672645300550827 
0.013709190240973432 7.02931477197639E-5 0.23191662072003746 0.45874913069302703 0.8618180406014837 
2.968198781596282E-4 0.02605403719413675 0.9026247751656562 0.34214116914865933 0.27632706880897295 
0.03380188194397505 1.0021862776602495 0.006853781819867013 0.0037818683733042025 0.0010247727923199663 
1.7106764342778502E-4 0.03627764075975045 0.8414371621927702 0.5556030856974673 0.006985735810652881 
0.5706973223112157 0.0024310681777124747 6.11791389875689E-4 0.3801373398087207 0.7292225481290225 
0.4467570840440604 6.031763202232125E-4 0.001081158898053281 0.7078753400183478 0.5552663147197306 
0.2840781653334451 9.091908764220567E-4 0.09720332681887507 0.0017609554707822292 0.9559517143051327 
0.39838196816372734 0.4156607542680142 0.00833413025511779 0.7991407871383402 0.4027019755808012 
0.837851687841784 0.33522525813124554 9.689498620097269E-4 0.3070567214681768 0.31009659427881975 
0.01693550130521111 0.47020342050272856 3.181795699421965E-4 0.8248274627763905 0.3208248581268526 
0.368910589155278 0.7436435063565892 5.316599155484146E-4 0.002546055711118523 0.5716246940533997 
1.4295262892503717E-6 3.516533941451653E-4 0.012588638271720286 0.9647320058036478 0.26892987446141325 
0.65563718141782 0.5047040741134504 9.940577446093381E-5 0.563566235655123 5.924025885269703E-4 
0.009663023833727922 0.5445799690333002 0.003031292131261344 0.36526725502967744 0.7687149294659087 
0.25002698744050356 0.43610220205179073 0.34035346498003843 0.8408341665191705 0.27162298708851695 
