1.0014433555099558 6.920080637659527E-15 
3.619142841011316E-15 1.0014379911117857 
0.8704859718447799 0.49510188344560935 
0.013487722079732617 1.0013499895355418 
0.9477620607049101 0.32349904741682695 
0.14723530917042657 0.9905947475791749 
0.9623888456659704 0.27722842748803467 
0.6714002377452429 0.7430305983581112 
0.18155367259152155 0.9848448363711065 
0.9900663149996175 0.15051322578021434 
0.318795711596029 0.9493399601706152 
1.0013986056832243 0.009317780693551738 
0.9964890102171207 0.09939033495783835 
0.5195548102217838 0.8561251486325233 
0.16566233555278084 0.9876418758451226 
0.9288932909024378 0.37423179393699973 
0.8955270844084762 0.4483097610142561 
0.4803856029544576 0.8787040445396226 
0.4638900108065924 0.8875224028185323 
0.09333480185587661 0.9970823449930106 
0.6322184811410072 0.7766423882834576 
0.5520982548720554 0.8354993973209258 
0.9724206744880691 0.23935470156251507 
0.999814554221333 0.05694537617778333 
0.11975027623890433 0.994247782894382 
0.9661471430363817 0.26353276197728337 
0.5622483555532304 0.8287052937187419 
0.7469466595986876 0.6670550288491782 
0.8347433131745826 0.5532471426879623 
0.8072301990784649 0.5926583816572453 
0.30701500854978797 0.9532176503977514 
0.7692385404292467 0.6412120624385225 
0.43179099244957614 0.9035722829657522 
0.5383437139294633 0.8444375809506813 
0.35745780726084575 0.9354669323603112 
0.7776819520051885 0.6309525878631922 
0.4712667682987914 0.8836300375559496 
0.9835172209607855 0.1886100567377431 
0.9515078127955457 0.3123125349256992 
0.41735197131010127 0.9103277516993438 
1.00126448568915 0.018671687661981854 
0.719506122050813 0.6966101109667517 
0.9759226193443631 0.22462671256294692 
0.8461926709773163 0.5356413245972734 
0.8646044463803831 0.5053325297709749 
0.7577289225767464 0.6548220779649322 
0.2170369141142088 0.977644923027403 
0.2872764686368829 0.9593498429749288 
0.07172950147498812 0.9988701770112588 
0.49240304854566075 0.8720246725050282 
0.9916491975939307 0.13968227824836163 
0.3696134102003933 0.9307693909355598 
0.9592793178873104 0.28751275900064044 
0.20061229538505893 0.9811490507092064 
0.4243611646392804 0.9070841322840815 
0.2968683329754792 0.9564233951400284 
0.2254348239026653 0.975772692130885 
0.9776176044727505 0.2171083262062841 
0.9382821326355354 0.3500241768161819 
0.7843522671424297 0.6226248856986907 
1.0005082956542541 0.04317344435602661 
0.028438688447095906 1.0010363628327148 
0.5718797365602917 0.8221838887946161 
0.44006499461042664 0.89957072693804 
0.07988040261888031 0.9982464816491274 
0.9026894389911928 0.4336346518271927 
0.7519098077860185 0.6614530339743383 
0.933537541744107 0.3624857852409918 
0.9563124129099159 0.29723098001265025 
0.8746892614466739 0.4876560007731882 
0.3916861530286488 0.9216643226687773 
0.8541267874636784 0.5228337287305115 
0.5814508912376063 0.8153489113769457 
0.5926242500103299 0.8072676554960522 
0.13740941096344392 0.99200372499546 
0.33471633714469956 0.9438461816521756 
0.9066343666511979 0.42531342709749737 
0.055266083275367944 0.9999108166853437 
1.0010726053095294 0.027225021546796794 
0.2656273514744661 0.9655684681306854 
0.6409823663269799 0.7694310597672553 
0.10942361829918722 0.9954517461967775 
0.9447602724877493 0.3323766801638008 
0.9888347428552673 0.1583946187198699 
0.7014904668133184 0.7146921362658988 
0.8201389207272805 0.5746757838302713 
0.7640257996730165 0.6474156382606802 
0.830234728643306 0.560008495398355 
0.6161911106592954 0.7894276915802653 
0.50907568387196 0.8623994683454957 
0.27812918955693017 0.9620420724459876 
0.400522562153823 0.9178584745811812 
0.9867715410668666 0.17080529438735334 
0.9983916494235319 0.07806506533257537 
0.9953632815019445 0.11017382850311536 
0.9146377046826812 0.40790444479115656 
0.7979771064421999 0.6050698087333951 
0.6538437354692426 0.7585342317227776 
0.2466548635806035 0.9705845971874564 
0.9942473765295383 0.1198699325149604 
