0.00192368284738012 1.0191115419642627 0.002252694852801684 
0.08268580112721927 3.270932918846435E-5 0.9976413172032796 
0.9964932225930558 0.09053030123601681 1.6988511619605883E-5 
1.0079191143610964 4.5214562151282985E-4 0.07479349570864155 
0.007898626860841241 0.06425350225170466 0.9981956271227558 
0.9072847778644051 0.2089077013476531 0.3752861875720589 
0.8643315435439071 0.003423124553199317 0.5047641270291826 
0.9230686321023039 0.013511560371641937 0.4123968371299 
2.165842602969265E-5 0.8038586574965442 0.5955387652903642 
0.002025360926020289 0.23454277475161942 0.9723671717609347 
0.3807058243075987 2.4478193415639483E-4 0.9254082209070145 
0.49127018353865604 0.7683810117877526 0.41264998936247116 
0.8805076780673401 0.4699405585408389 0.0756643030998401 
0.20070779482908577 0.9294182746694942 0.31164897201532493 
0.7185409911271013 0.6959976250808798 4.9634886170043E-4 
0.8725125490050899 0.4161794150701345 0.26856265943042307 
0.7629294981955483 0.6271898051866908 0.16203124684171294 
0.0015483459429300051 0.5923631637013107 0.8079832050723963 
0.5673111559917119 0.828985997197873 4.984143210210472E-4 
0.5345007363275742 0.0026441855515024937 0.8564503115855914 
0.17872593236965054 0.9721385500814023 0.15357327945301916 
0.45010567566889703 0.8725373863974026 0.2143588931709612 
0.7906797878592315 0.5736255729713005 0.2164036438918185 
0.7710072406757511 0.38934187023281147 0.5050227968030724 
0.22776025412511364 0.14839885590065616 0.9800485078198419 
0.9394151308371446 0.18463744427548612 0.29567107864836484 
0.7338715152124358 5.497999558257461E-4 0.6796228368826916 
0.04420520110090384 0.3936794429340623 0.9194399588874085 
0.3093027162257882 0.07060797970909066 0.9484489373425168 
0.3088062779551736 0.46186885818831874 0.8335099852222543 
0.27815865372792653 0.9608764494007356 0.00515439307356733 
0.8778752214752998 0.3254158763056927 0.37262124665025853 
2.6790474137373076E-4 0.4709831153073548 0.8830649343647696 
0.9640309761039388 0.22559363429401602 0.1624310640237492 
0.06727374547661777 0.9977160778670061 0.012831478925182677 
0.986501801052084 0.019764177354788037 0.16875138146400992 
0.9731473383143738 0.09954199026448028 0.2145515102205026 
0.653229337949256 0.34545443350813804 0.6763837468806801 
0.005516590965388703 0.9585300086434821 0.2960286702644895 
0.06953204508384075 0.3232630568093041 0.9465247522613403 
0.6680476590997039 1.5728822238486717E-4 0.744568501774709 
0.4568932986659849 0.002685292791621805 0.8904329313244568 
0.17913686378362376 0.9842131054164202 0.005623187922237148 
0.6534883098384259 0.5638060981184422 0.5064881556787725 
0.5089712797737784 0.8240260726612374 0.25080565923318593 
0.8272664165443435 0.4805239990272288 0.3072661044900617 
0.7488514804933265 0.502703836826785 0.43319896133315605 
0.09197879930727458 0.455488899164129 0.8875935346706627 
0.3635946405936599 0.0904104176862288 0.9276859749176867 
0.48414203959755825 0.4675735559655599 0.7401109839942794 
0.6238486917760447 0.24055521165838842 0.7440283556994405 
0.4621568473474833 0.2927403801647614 0.839341447758287 
0.7812036952992099 0.6245498286556769 5.191793508001858E-4 
0.53345232487523 0.8508710834957173 0.11496198551731301 
0.7247393779894645 0.09981041313095113 0.6857819746747967 
0.3894334234203531 0.9184121219959703 0.08703027262568035 
0.432759311299207 0.6768659051959149 0.5970922253500051 
0.7905921102131738 0.1459201203003511 0.5956031941665958 
0.1127814439425996 0.2188092111769313 0.9714352130601669 
0.6524700450503153 0.7572593510865571 0.04199580084239688 
0.09618486561780397 0.8003048300953468 0.5920720037501286 
0.8318429333735464 0.536335270285142 0.16768803134716773 
0.5698086807643169 0.3655208747842169 0.7368733747097849 
0.46231856599219495 0.7291485271319579 0.506648504045292 
0.6875212381572545 0.6434716259640128 0.36915170253121105 
1.9808768223065146E-5 0.7352080806159726 0.6779325310146169 
0.44261462901891363 0.8580158670772028 0.3222420182496208 
0.8916169092446007 0.440492693846286 0.12486864031260689 
0.41076619825594207 0.21077227911087348 0.8887029926545393 
0.3102822592329483 0.7599420814908798 0.5925296935821563 
0.5314524773055165 0.20406866682975178 0.8225014016673466 
2.6837741799454515E-5 0.9960904390546124 0.11350560120489542 
0.6068973534567706 0.710945717138638 0.44951163050278065 
0.26824595844001664 0.6224139996422281 0.7377311952879814 
0.29112007606537066 0.918529255405737 0.27194874360858257 
0.9752482562766633 0.0057318133583219195 0.26814001779640634 
0.6189094293654093 0.7227816064606087 0.3134446651111884 
0.39027681597630487 0.6149288158184524 0.6868591424474182 
0.6617334904617672 0.09347591180728651 0.7448531187239684 
0.2759829176147028 0.9520283761786624 0.1372413952673778 
0.5839370622063689 0.09343101612494085 0.8132819064658072 
0.26412593944695584 0.37926424088146776 0.8884393936816954 
0.10004850722424785 0.9447347465410727 0.3127558699636961 
0.8034243831818655 0.01239463550470315 0.596999587899657 
0.8119141900238493 0.588558025409518 0.07217724603310058 
0.9415000751999697 0.33777853593400625 0.0021516018077485503 
0.21551903060146801 0.004041474766379376 0.9817149727568871 
0.07682965121820463 0.7486877126798134 0.6691833647193142 
0.002980963207387098 0.9770122270149716 0.21824584463744634 
0.22211191413521947 0.4530704487685786 0.8642223024326745 
0.008222742629070873 0.8684178848141093 0.5018730949991812 
0.2101873390909745 0.3362303799447679 0.920294870181664 
0.5822449646727911 0.520068626432463 0.6438060655988471 
0.7282574425253654 0.6283142038110234 0.27610367553971077 
0.1734500952532458 0.8582367129555946 0.48707802541958095 
0.9695313640270379 0.245476134703312 4.962337151784387E-4 
0.9742982958947637 0.20685529312935785 0.11224890995182385 
0.8427512337539916 0.19200448978399307 0.5072256974848568 
0.9369065878260512 0.2757004226347814 0.21604020360849543 
0.07125979377620337 0.6728896320345544 0.7365283805939976 
