2.7933099356747555E-6 2.584405538856897E-5 3.008761687791745 2.8361671345735244E-5 5.097657785483699E-5 
1.1859736490741902E-9 1.3183561811056978E-7 3.1890065923566297E-4 4.051151075876078E-7 2.5292958512947177 
2.2126924368691162E-4 0.011337232408818258 5.612007768776723E-6 18.284449861863486 0.0021283405054445233 
0.0027410587066039444 4.703513603675233 2.1276736943796984E-4 0.005231891918454423 0.008336614170361443 
4.483923860030829 2.640785320674578E-4 0.01759197762521413 1.316228444670948E-4 1.6628667328308675E-5 
0.5599410059452417 0.02975113266714309 0.0014528677675381275 2.0168956065814165 0.08448080013169487 
0.014415592193112094 0.027451211826697713 0.008188071566123055 0.3874411922822281 2.0396051574367884 
0.7735418667633376 0.0036299309206492174 0.0015643908509518226 0.7571006586322271 1.79399522434469 
2.172453757240979E-4 2.0810158857327696 0.0092164418365813 0.6884087575818822 2.507607334501111E-4 
0.0032940054642783614 0.4224525853351188 0.7004518203441794 0.7956023959252726 1.8807038778694114 
1.0050442240255388 1.7268269835126935 0.4208860172060369 5.168310610798198E-4 0.8609414399938369 
0.9854381463897012 0.06394055847644735 0.001761277821553796 0.5173079237822351 1.7907771728744455 
1.6202643614118337 0.10807857593432231 1.4646430722144237 5.453788145539584E-4 0.721640026556352 
0.25797875751241706 0.013511364107190364 9.869600956766427E-5 0.007669983417085578 2.06137704791938 
1.644681972762188 0.7442025839566385 0.26516436212229016 0.03003019324796808 1.2377729970400118 
0.3150592849671775 1.0115443798320665 0.49612532472422366 0.0018099709274921852 1.8612588236767433 
2.0628507344272786 1.293121558460861E-4 0.35762043781896224 0.029597916236259545 0.026400779205808356 
1.8383929219333936E-6 1.7155076419110126E-5 1.996996357059951 3.682857082991924 0.08110670673155115 
0.0015942668672977347 0.005921987549447959 0.001439271841815147 1.4837582669716654 1.3817537052212194 
0.029690416181567578 0.6108298913139045 1.6826781505832053E-4 1.4076751445650286 1.4080731540290516 
1.963324405435262 0.36570646656601696 0.5277790291547123 1.2860801773559977E-4 0.196918343685908 
0.7238757694015798 0.16927553383734964 1.2749858757281967 1.509382324920469 0.37548978085967255 
0.6372435782835592 0.01827600977184809 0.7364767728208447 0.0637889659316778 2.03886244542615 
0.029698102791070897 0.9123580922257505 0.21439609050572425 0.005068378344133968 1.982394937956028 
1.6371233798403118 0.7496094446397007 0.009514175710301215 0.029682725998922372 1.2215024202428784 
0.010591991637616618 0.7840609395892031 0.0015857915717808627 0.7372343201894414 1.8041223828599173 
0.03328144475856692 0.8939472024085825 0.0018091280232484031 0.00932524868755677 1.8964766754089784 
3.725813596291371E-4 0.00546210513584206 0.6492032806107897 1.812616564802141 0.7943284079589141 
1.7044040164564531 0.005402426687735296 0.0034264878176813803 0.01762021024768297 1.1514503765513349 
0.5596687020454969 1.8035813672405439 0.006989199944133469 0.019628267493756374 0.801094241999622 
0.001649142449333323 0.052910972123835026 0.05360634378271674 0.0010543800877741653 2.077300393701636 
0.007549593446391035 0.17201017442071012 1.5166374661351443 0.5125902952054961 1.5120963132819767 
0.18589931247860017 0.009702257110375307 0.19022735984479336 0.002473504638454713 2.074751417624069 
1.6502799620366713E-4 1.433505527823411 0.6364071833717706 1.4939063871526703 0.23990365447297313 
1.2316637461080246 0.011939752181553699 1.8212217501606924 0.0310825017607059 5.720391489402139E-4 
0.006010990578482927 0.42611008347168355 8.618301446757901E-4 0.004442350304819351 2.042695044134258 
1.0042379082928354 0.004192309129629742 0.012030970835187352 1.9816034258855504 0.003850717136411079 
0.5118000026096408 3.375892570372778E-4 0.002007968114223967 3.38852180812681 0.005670394641382871 
0.00599306551223434 1.573474552287922 2.6007108119886 2.865296391464036E-5 5.150014002916421E-5 
5.5618163426708474E-5 1.1026989519828854 0.004808325842816332 0.32829019653797664 1.8852756476608865 
0.0024804937903266295 0.0666266293587981 8.909003303968785E-5 0.8888950136642262 1.8896400813455785 
0.8845923624145331 0.01437371287289871 0.2077887760492348 0.04255161991117107 1.9964203810942602 
0.01690118701591726 1.5372631880941185 3.487130117559706E-4 1.566988723732883 5.412834945173357E-4 
6.015025587549999E-4 0.009497927666392039 2.06875531651407 0.045427634128039754 0.302893715430784 
0.06331838653925524 2.031502728256798 0.3450881210163004 0.02887439356905476 0.056773626367113514 
1.466827699184089 0.006883251507525811 0.03234592090440684 1.487879891099033 0.15586084841408748 
1.9973613104474883 0.1269654262569717 0.8943243794726136 0.004500152892494094 0.024625227388464073 
0.003719546618612263 2.0239043239464194 0.0263347685871147 1.6195172359355825E-4 0.579653866501248 
0.005468153446583308 0.5946940757709012 0.9438540819600649 0.0013495094888515931 1.7700701259556058 
0.006971120064494184 3.239738994394948 0.005578358921670443 0.4524246245378923 0.048856082339989094 
0.015159869766328542 1.4520132247506428 1.3886976493426069 0.5991422521173936 0.4981657572729816 
2.061056343147104 0.0712148519907035 0.001068959261020945 4.217291932812318E-4 0.1958268232338477 
0.001483695887588419 2.0171126004919016 0.9294166716742701 4.149366971844756 0.001217662394348611 
0.0010694042454177197 0.48707024716687036 0.03080989382398257 1.9752115789191906 0.5110376206054655 
5.608813852947145E-4 1.547594718487504E-5 0.9496462196100868 0.012454772462285787 1.98366341318325 
0.3507040090603186 3.128935719295734E-5 3.393120853254454E-4 0.8088593000208886 1.9022732185378997 
1.2562489861967306E-6 4.666402474934147E-6 0.008521130714096528 2.007046832922633 0.29090131634297095 
1.8973048202423695 0.716836208962536 0.005968596593833984 0.6960458037276467 0.004094862269322499 
0.020173726692749062 1.4994240923143303 1.4289438525284532 0.004056911546270892 0.0414348638586075 
0.040286871363564694 0.5287416424562613 0.09256386006005059 1.8796187933985746 0.7515162265605725 
0.005316321556136575 0.07077562140519926 1.5338744942172808 0.11529755610317705 1.407706336605485 
0.07429209253082494 1.5284336375944463 0.0030946794974156255 0.013388473762766457 1.4039645188732097 
0.1450448846490008 0.4929790405018418 0.0020151385836145227 3.402251680764615 0.005693370381437298 
0.02120415236283128 2.030934970090782 0.16247674757698893 0.0034121369978156327 0.48411584362763027 
0.003509760133302787 1.834422033035303 0.5282080393640453 0.6314850583426002 0.2004848696610447 
1.5405451145634708 0.08068441823322792 0.0037734622462665705 0.013440240027030686 1.415359077141511 
0.018995727251050577 2.8608050405902126 1.318190066785096 0.004855869717292733 0.005583046827472168 
2.1348793611708323E-4 0.027379593485367417 1.5400421464612712 1.4260045802111636 0.6907723143695748 
0.6919470771323115 1.3729995271461306 0.003760858626057703 0.013729529766184197 1.410634386049673 
2.0402862555896837 0.1883196091184055 0.2621498305069763 5.420582049488E-5 0.19691880877600484 
0.3475070510927604 1.1157227266656093 0.0022968393891431706 0.0018079721641104326 1.8592034227174123 
5.9491614485273175E-6 4.5609161687503916E-4 0.6056004313186146 2.0290285276091167 0.0936071066421662 
3.586377434874618E-4 0.04599489696603253 0.8442676439605691 0.822377284863683 1.943996343696426 
0.06724731882112576 1.1590432477112773 0.018299767268529558 4.199972394690875E-4 1.8373271981584147 
0.3071720406979219 1.026845114233752 1.819379909069282 0.009554205076081564 0.37559617267997103 
0.012147061551964199 1.7645579620316132 0.7902212954127275 0.0276553547150244 0.9927705524945842 
1.0478368672606386 0.19517952163312433 1.701970377487527 0.024219103469766596 0.19145246609063724 
1.35477472717686 0.006357430520561542 0.005441867958748835 1.3738958026410593 0.8210311388035002 
0.008349362212692502 0.7997024076018086 0.764831087403471 1.7016400974557244 0.4822805546087704 
0.01667801436163616 2.138937036302997 0.30452670534538845 0.019029899595156573 0.18559246383357764 
2.0126512219052066 0.11167851911386889 0.01238995223103951 0.6010934339328386 0.46563901451611694 
0.1153332705178943 2.1012729829052628 0.02462367795599413 1.6839279435616538E-4 0.009891915898050848 
2.0126327640293135E-6 1.8781006203079065E-5 2.186268370550035 0.16858151099590088 0.07120714101374856 
9.298318215524263E-5 0.0028565447185987585 0.6752381179947508 9.041648529422655E-4 2.090846651578699 
0.001214541457901664 0.03753258048861974 2.0322058729388743 0.010986413010808334 0.8194565209121897 
1.9565449713225148E-5 0.16995407423868353 1.5261664278525084 1.455612711161783 0.23434674173327089 
1.0688004198223062 0.012677434027892655 0.0021616422789500767 0.018551456763488638 1.7919826125412197 
1.9887958372821373 0.2947289192280765 0.536222985089282 0.6412178678608986 0.20756645903397916 
0.11248475104512452 1.820194862435304 0.005426377611468571 1.111163256636359 0.018664625781324936 
0.029223016089331335 1.9126714334891597 0.010575331749000189 0.020547791491951142 0.7369808527723 
1.3469356798897152 0.08562009379244843 0.6318601619401556 0.003059279022208855 1.612148637567647 
1.3279206560227554 0.6080310609111821 0.002587253781968321 0.024076265154764694 1.6083386969921964 
2.0038358634138214 0.3954192463850378 0.004130607730571847 0.02134983547411345 0.4804243124348324 
0.06490764224574208 0.030430425245956644 1.8609728723460893E-4 0.06749751415002664 2.195884067594441 
0.1738905668618696 0.3311349767420967 0.09877002533541515 0.006570673897828642 2.0380794404991396 
0.0035355028272412575 0.020233299293028886 1.849526390752899 0.9685466997719165 0.29899719374637146 
2.108189587440486 0.03043978106770057 0.02524115174574627 0.03318652146646703 0.0036552737731122124 
0.0010058033149647225 0.4595011452872634 0.005978970812647903 1.9984139245282126 0.33863245700897626 
0.10161800554999745 1.6670947097661162 3.6567401730050496E-4 1.019051083290213 0.7940848088945165 
1.0087895860206761 0.004733856909448577 0.46478658369417397 1.0870703299442341 1.403441907020829 
