2.0153942108154297 0.25647857785224915 0.29057350754737854 
0.8596556186676025 0.6446639895439148 1.4796448945999146 
1.3193318843841553 0.6053118109703064 0.30917084217071533 
0.8813109397888184 0.523119330406189 1.7179991006851196 
1.2005621194839478 0.7580106258392334 0.28425362706184387 
0.932868242263794 0.6448895931243896 1.4536010026931763 
1.1399503946304321 0.8051372766494751 0.3154733180999756 
1.009578824043274 0.6079541444778442 1.4509114027023315 
1.1205034255981445 0.7575342655181885 0.4917289912700653 
1.0981090068817139 0.7247910499572754 0.6955859065055847 
1.0428656339645386 0.6437690258026123 1.2940629720687866 
1.1279327869415283 0.38129228353500366 1.4715776443481445 
0.9686309099197388 0.5208052396774292 1.4791669845581055 
1.1962637901306152 0.4689491391181946 1.3871755599975586 
1.4868828058242798 0.4089416265487671 0.5295412540435791 
1.6835581064224243 0.34883052110671997 0.30878835916519165 
1.3594515323638916 0.4645465910434723 0.7132790684700012 
1.3253475427627563 0.4636116027832031 0.8676642179489136 
1.4318897724151611 0.3887675404548645 0.8666059970855713 
0.9153258800506592 0.538199782371521 1.5530669689178467 
1.4333572387695312 0.44165197014808655 0.6011701822280884 
1.2629402875900269 0.5435431003570557 0.7090969681739807 
1.1773498058319092 0.7079278230667114 0.39829540252685547 
1.7730928659439087 0.2632266879081726 0.8460564017295837 
1.2286899089813232 0.5949335098266602 0.6759177446365356 
1.5196595191955566 0.37395480275154114 0.641573965549469 
1.209965705871582 0.5808947086334229 0.8172305822372437 
1.4082691669464111 0.5252038836479187 0.3157031238079071 
1.0526098012924194 0.6944949626922607 1.0772221088409424 
1.402771234512329 0.4998966455459595 0.4587095081806183 
1.3198007345199585 0.4564277231693268 1.0156265497207642 
1.1126664876937866 0.7327554821968079 0.5822960734367371 
1.4224728345870972 0.38356485962867737 1.0341508388519287 
1.246999740600586 0.6750571727752686 0.3079877495765686 
0.9087281823158264 0.7319517731666565 1.4302846193313599 
1.6086499691009521 0.31717899441719055 0.8170900344848633 
1.3046302795410156 0.4943908452987671 0.7824068069458008 
1.1162692308425903 0.6370590329170227 1.0437663793563843 
1.5074694156646729 0.4265807271003723 0.38310399651527405 
1.037786841392517 0.5306808948516846 1.4535014629364014 
1.733733892440796 0.29335513710975647 0.5012252926826477 
1.264618992805481 0.6118412017822266 0.4080883860588074 
1.3579604625701904 0.5680407881736755 0.30946260690689087 
1.1954219341278076 0.341016948223114 1.472259759902954 
0.9154402017593384 0.5782920718193054 1.4794012308120728 
1.3816471099853516 0.476609468460083 0.5739515423774719 
1.3760764598846436 0.516187310218811 0.3824981451034546 
1.288618803024292 0.5234918594360352 0.7279040217399597 
1.566322922706604 0.27047696709632874 1.3883986473083496 
1.391916275024414 0.45397812128067017 0.6496801972389221 
1.7592124938964844 0.30610236525535583 0.35305100679397583 
1.0505613088607788 0.7551406025886536 0.8357038497924805 
1.30353844165802 0.5596612691879272 0.4829854369163513 
1.2054119110107422 0.6722739338874817 0.41163527965545654 
1.4380855560302734 0.4703540802001953 0.4006238579750061 
1.0896739959716797 0.6628686189651489 0.9589910507202148 
1.2899149656295776 0.49014848470687866 0.9644838571548462 
1.4899556636810303 0.46224546432495117 0.30796390771865845 
1.139543056488037 0.768576979637146 0.3902425169944763 
1.06680428981781 0.42329415678977966 1.4916317462921143 
1.6695727109909058 0.28429359197616577 0.8509930372238159 
1.0927482843399048 0.48214030265808105 1.4496426582336426 
1.7273893356323242 0.2926314175128937 0.5830380916595459 
1.4626367092132568 0.34113216400146484 1.2088651657104492 
1.379530906677246 0.3837127089500427 1.1388503313064575 
1.0140962600708008 0.47980552911758423 1.4796892404556274 
1.2759788036346436 0.33777183294296265 1.4530723094940186 
1.1146323680877686 0.36247947812080383 1.573566198348999 
1.464529275894165 0.3480241596698761 1.0658104419708252 
1.3593357801437378 0.33075660467147827 1.4324098825454712 
1.5050686597824097 0.35686174035072327 0.788723349571228 
1.3298046588897705 0.51253342628479 0.5968803763389587 
1.1543774604797363 0.6677447557449341 0.7104523181915283 
1.3215597867965698 0.5614374876022339 0.40758728981018066 
1.128244161605835 0.5864344239234924 1.1711533069610596 
1.6571471691131592 0.27761203050613403 1.0611913204193115 
1.2320610284805298 0.6175287961959839 0.5041424632072449 
1.6041529178619385 0.37993836402893066 0.34330666065216064 
1.6358773708343506 0.34308815002441406 0.4708276391029358 
1.3221299648284912 0.3793317377567291 1.3519468307495117 
1.0591330528259277 0.8133929967880249 0.5563479661941528 
1.6092382669448853 0.27282392978668213 1.2212624549865723 
1.1996855735778809 0.6162292957305908 0.637172520160675 
1.5834077596664429 0.3731979727745056 0.4394432306289673 
1.096670150756836 0.7959443926811218 0.4405409097671509 
1.3415412902832031 0.524486780166626 0.48220083117485046 
1.3612931966781616 0.42901158332824707 1.017177700996399 
1.5144110918045044 0.4413703382015228 0.3048105835914612 
1.3229947090148926 0.28839752078056335 1.4853873252868652 
1.3913764953613281 0.4228190779685974 0.8851286768913269 
1.2250863313674927 0.5150100588798523 1.0449721813201904 
1.8542665243148804 0.26278582215309143 0.552793562412262 
1.4169106483459473 0.49930673837661743 0.3693476915359497 
1.0766816139221191 0.5683192014694214 1.3924102783203125 
1.5725823640823364 0.35699784755706787 0.5336815714836121 
1.1384634971618652 0.5509155988693237 1.2294888496398926 
1.2438403367996216 0.4525635838508606 1.2925983667373657 
1.5520509481430054 0.33773159980773926 0.8264772295951843 
1.4086449146270752 0.2703171670436859 1.4513075351715088 
1.2923691272735596 0.5301954746246338 0.6375884413719177 
1.5182549953460693 0.39944857358932495 0.4495134949684143 
1.5448507070541382 0.3048706650733948 1.171182632446289 
1.5608150959014893 0.40107765793800354 0.36135488748550415 
1.1503442525863647 0.611495852470398 0.9567087888717651 
1.662172794342041 0.3043811321258545 0.6325470209121704 
1.2641650438308716 0.5810918807983398 0.5503665804862976 
1.640606164932251 0.3120080828666687 0.7337403297424316 
1.1650389432907104 0.6946436166763306 0.5086137056350708 
1.54478120803833 0.3698953688144684 0.5688064098358154 
1.4054044485092163 0.46787935495376587 0.4974125325679779 
1.0979492664337158 0.6991410255432129 0.840533971786499 
1.2905864715576172 0.4602927565574646 1.1112834215164185 
1.457054853439331 0.39364564418792725 0.7341828346252441 
1.9626672267913818 0.2584066689014435 0.3606871962547302 
1.5741603374481201 0.31227314472198486 1.0352567434310913 
1.173976182937622 0.6105082631111145 0.7866873741149902 
1.2911564111709595 0.4363432228565216 1.1821565628051758 
1.691141128540039 0.33652958273887634 0.33794087171554565 
1.2461011409759521 0.4274502396583557 1.3571891784667969 
1.4531915187835693 0.49595582485198975 0.3190353512763977 
