0.003724355949088931 4.003147602081299 
2.0030386447906494 0.0034484558273106813 
0.3068072199821472 3.396951913833618 
1.909989595413208 0.19045135378837585 
0.9552204012870789 2.100224494934082 
0.4316360652446747 3.147247314453125 
0.2348051369190216 3.540519952774048 
1.2889388799667358 1.4333252906799316 
1.6136714220046997 0.7826170325279236 
0.4046759009361267 3.2013204097747803 
0.8445906639099121 2.3215019702911377 
1.46047043800354 1.0892350673675537 
1.3107402324676514 1.3896231651306152 
0.2820737659931183 3.4466662406921387 
0.09602949768304825 3.8184967041015625 
0.331184446811676 3.347635507583618 
0.2952791154384613 3.419729232788086 
0.7394072413444519 2.5312819480895996 
0.6197329163551331 2.7707996368408203 
0.15015725791454315 3.710422992706299 
1.044703722000122 1.9196645021438599 
0.12730179727077484 3.7554244995117188 
0.6004984974861145 2.8097925186157227 
1.7945926189422607 0.42162731289863586 
0.6897153258323669 2.6311070919036865 
1.182992696762085 1.6443504095077515 
0.9304031729698181 2.148998260498047 
1.1699020862579346 1.6707429885864258 
1.3810992240905762 1.2486698627471924 
1.855234980583191 0.3002914786338806 
0.22101402282714844 3.568936347961426 
1.5152617692947388 0.9797085523605347 
1.0711281299591064 1.867519497871399 
1.8090640306472778 0.39246952533721924 
1.1391570568084717 1.7316726446151733 
0.46601876616477966 3.078141927719116 
1.3313779830932617 1.3471614122390747 
0.915062665939331 2.17985463142395 
1.871061086654663 0.2676396071910858 
1.928800106048584 0.15226249396800995 
1.833123803138733 0.343546062707901 
0.5592438578605652 2.8911051750183105 
1.4935665130615234 1.0228240489959717 
0.7631500363349915 2.4840376377105713 
0.8556898236274719 2.29897141456604 
1.3970872163772583 1.2156842947006226 
1.1525384187698364 1.711279273033142 
0.8941722512245178 2.221318006515503 
0.08344398438930511 3.8430278301239014 
0.49301981925964355 3.024507761001587 
0.9851433634757996 2.0394041538238525 
1.7425267696380615 0.525091290473938 
0.3886764943599701 3.233311653137207 
0.07158125191926956 3.8670811653137207 
1.9743132591247559 0.06122327968478203 
1.4151238203048706 1.1799622774124146 
1.5642513036727905 0.882405698299408 
1.2091691493988037 1.5913598537445068 
1.9611612558364868 0.08805906027555466 
1.2517670392990112 1.5062810182571411 
1.6253340244293213 0.7590422034263611 
0.6741325855255127 2.6620330810546875 
0.3727802336215973 3.263970136642456 
0.5082419514656067 2.993377923965454 
1.6583328247070312 0.6929012537002563 
1.9465813636779785 0.11645529419183731 
0.18215419352054596 3.64583683013916 
1.0166105031967163 1.977140188217163 
0.44837912917137146 3.1135456562042236 
0.19942539930343628 3.6111690998077393 
1.3592983484268188 1.2914111614227295 
0.7109096646308899 2.5883758068084717 
1.0290964841842651 1.9525437355041504 
1.5362962484359741 0.9373860359191895 
0.04965972527861595 3.910551071166992 
1.0017147064208984 2.0069425106048584 
0.9662995934486389 2.0775644779205322 
1.2241828441619873 1.561570644378662 
0.7234048247337341 2.56300950050354 
0.8003481030464172 2.409132242202759 
1.4725627899169922 1.0648558139801025 
0.2530924081802368 3.5047175884246826 
1.7701456546783447 0.46937042474746704 
1.2406344413757324 1.5398808717727661 
1.7256468534469604 0.5586046576499939 
0.11391256004571915 3.7824838161468506 
0.5448359847068787 2.9212169647216797 
1.883756399154663 0.24245969951152802 
1.0870178937911987 1.8359248638153076 
1.1266130208969116 1.7567775249481201 
1.5826621055603027 0.8446485996246338 
1.102429747581482 1.8043841123580933 
1.6978785991668701 0.6145946979522705 
0.02005080319941044 3.970083713531494 
1.5986199378967285 0.8125784993171692 
1.2777351140975952 1.4554924964904785 
0.6563851833343506 2.6977157592773438 
1.6767640113830566 0.6564955711364746 
0.8164408802986145 2.3767411708831787 
0.6362320184707642 2.737913131713867 
