2.110262632369995 0.24835099279880524 
1.2417283058166504 1.6732417345046997 
2.0990424156188965 0.25788986682891846 
2.082393169403076 0.2823595702648163 
1.4557636976242065 1.1131621599197388 
1.3693939447402954 1.3079445362091064 
1.527071475982666 1.0384917259216309 
1.480201244354248 1.0770543813705444 
1.4701552391052246 1.08390474319458 
1.7753667831420898 0.8779913187026978 
1.5911896228790283 1.0206966400146484 
1.3416600227355957 1.364122748374939 
1.462417721748352 1.0983784198760986 
1.5601462125778198 1.0277299880981445 
1.6465190649032593 1.0198063850402832 
1.5568199157714844 1.0338003635406494 
1.2819173336029053 1.5500763654708862 
1.778210163116455 0.864177405834198 
2.0212483406066895 0.35991236567497253 
1.3099255561828613 1.4580190181732178 
1.2930936813354492 1.5134471654891968 
1.4117321968078613 1.1686310768127441 
1.932515025138855 0.5069037079811096 
1.7715710401535034 0.9254258871078491 
1.3928859233856201 1.2141461372375488 
1.8718750476837158 0.659778892993927 
2.0891096591949463 0.2690197229385376 
1.2671395540237427 1.5627297163009644 
2.006755828857422 0.40116727352142334 
2.0173676013946533 0.3698129653930664 
1.3008742332458496 1.4879074096679688 
1.5444347858428955 1.034101128578186 
1.940250277519226 0.4625680446624756 
1.9374279975891113 0.48113998770713806 
1.9516493082046509 0.4424120783805847 
1.9145653247833252 0.5276787281036377 
1.4835866689682007 1.0739177465438843 
1.4248111248016357 1.158089518547058 
1.7283120155334473 0.9327877759933472 
1.9706764221191406 0.4086058437824249 
1.427718997001648 1.1480534076690674 
2.0719447135925293 0.28699618577957153 
1.3525830507278442 1.3256348371505737 
1.8395166397094727 0.7566756010055542 
1.5346930027008057 1.0351179838180542 
1.4353880882263184 1.1269917488098145 
2.0113601684570312 0.3863343596458435 
1.6617263555526733 1.0016752481460571 
1.704526424407959 0.9782789945602417 
1.3249027729034424 1.3905699253082275 
1.8065040111541748 0.7975325584411621 
1.8517990112304688 0.726978063583374 
1.375876545906067 1.2676498889923096 
1.576101541519165 1.0247507095336914 
1.9248781204223633 0.5158621072769165 
2.02333402633667 0.29929548501968384 
1.4943541288375854 1.0504738092422485 
1.787988305091858 0.8567059636116028 
1.8898298740386963 0.5950507521629333 
