1.000000003390541 0.0 
6.123234009810725E-17 1.0000000022984519 
0.9970287583527189 0.07703064050887119 
0.6725278931282656 0.7400718881317986 
0.755319667823365 0.6553812437649346 
0.1972442213638571 0.9804049195082413 
0.7669341187269921 0.641817460525856 
0.44096308052386085 0.8975705343488932 
0.7398766342998372 0.6727427062047434 
0.34873416521445016 0.9381796533311154 
0.9483547800198121 0.318781663639766 
0.9685574625725069 0.2531564662229153 
0.020132671209123366 0.9997973221385528 
0.2312746052695142 0.9728887334710868 
0.7246750501896918 0.6892105610957734 
0.8466293673549402 0.5321975180340022 
0.04992601244442611 0.9987529587470992 
0.33145751689137254 0.943470546959512 
0.7747644105693051 0.6322503244718581 
0.30947946160947504 0.9509061345760079 
0.5811066568634867 0.8141611363391633 
0.7930841098962864 0.6091421315053124 
0.3680881675090525 0.92979144572489 
0.6570395307532122 0.753856798295515 
0.7324102378607487 0.6808637124070002 
0.9990058287425967 0.048762727152090464 
0.8787254431816413 0.4773344072705428 
0.6415906458030854 0.76705098432316 
0.7163419141521805 0.6977501518191102 
0.8650939586700823 0.5016100949792418 
0.2597524524811922 0.9663027158245325 
0.9558870553229535 0.2989730277168144 
0.6872936313404139 0.7263798013523622 
0.13369842025151962 0.9910497899864436 
0.997993869614023 0.06331577036298307 
0.08766526310804253 0.9964704833780832 
0.9874858490626832 0.1625074084089903 
0.9904106869293935 0.13816051817170577 
0.9759775047887541 0.21800048257773175 
0.9222323997636601 0.3876132723416728 
0.2903864022147518 0.9570453832608827 
0.009912325238766511 0.9999510220243206 
0.6825839655822961 0.7340301641142105 
0.9848753186385212 0.17329526790778105 
0.7823023077527184 0.6229642057887039 
0.6056498994159428 0.7957369247038415 
0.4914044693714842 0.8709414554767515 
0.4841660798205849 0.875424011998569 
0.12405977345688012 0.992274776673431 
0.8257041046786469 0.5641035270418855 
0.9515766925415227 0.3075418987656108 
0.9731219146489308 0.2302927537461909 
0.9999484260709135 0.010163321402174696 
0.9272193307134013 0.3756351027522489 
0.5143383651670077 0.8578419816274442 
0.993464537056779 0.11414192535277422 
0.981082405851095 0.1961819401103197 
0.8973767205996147 0.44151818228070433 
0.4065513772332358 0.914370897892207 
0.37703360658801977 0.9261999913066009 
0.8032188568912149 0.5959192428982493 
0.9398334042834687 0.34170200516843124 
0.9825856194884465 0.18583637183037655 
0.4306285556388316 0.9025841489473468 
0.8086561972058104 0.5882815525759316 
0.9620553176075863 0.2768846484034098 
0.999475518977393 0.03673836657335892 
0.8341602374760312 0.5517151136541276 
0.11469584250989925 0.9934006673319654 
0.5685093648624058 0.8227445671786638 
0.8597795873356545 0.5106654603473852 
0.24523602938370867 0.9697534380606027 
0.5950128144829169 0.8037259308928748 
0.9958663793678065 0.09083062625158474 
0.5622706261946782 0.8319525411624473 
0.6502762134376584 0.7597351920462565 
0.9572213851594114 0.2897593387056315 
0.1013083840228839 0.9948835204175227 
0.4671788394782732 0.8843741392012955 
0.20671334639261676 0.9789373116681638 
0.8914656134324748 0.4532455488942757 
0.971695631010781 0.2378898784526046 
0.526908906568474 0.8499218024081066 
0.626857065832863 0.779187666536962 
0.9040293877245028 0.4275137520719726 
0.9636966883447 0.2679155545800093 
0.9948313378306678 0.10154235282770731 
0.22038689463681926 0.9757596570874186 
0.03473254563372384 0.9994203875009743 
0.9141631795683987 0.4062786355730739 
0.4139241820056076 0.9115614062278123 
0.18438584550946388 0.9828540284798281 
0.6942054690261434 0.7197813187560343 
0.7044038892352088 0.7098331250135596 
0.06829300885365155 0.9976653152428188 
0.27525171786800745 0.9614506585285908 
0.14763919828769795 0.9890832263083537 
0.5510957030517278 0.834507834586546 
0.16150394347787272 0.9868721233444954 
0.9093878567827589 0.4159681155389179 
