0.0 0.500000000087693 0.4996174648953904 0.4982938301631281 0.5004348725175045 0.500816783084546 0.5003495785020223 0.5000193571000824 0.49802081212660126 0.5021813698531497 0.5004815696459137 0.5007152809915614 
0.0 6.576972300109674E-11 0.4997567628186941 0.4998747065739548 0.5010463491904608 0.499717613278835 0.5022145805815634 0.4982785844457964 0.4977118097802364 0.5013254852857254 0.49968921024017704 0.5010115778057371 
0.0 6.576972300109674E-11 0.4997567628186941 0.4998747065739548 0.5010463491904608 0.499717613278835 0.5022145805815634 0.4982785844457964 0.4977118097802364 0.5013254852857254 0.49968921024017704 0.5010115778057371 
0.0 6.576972300109674E-11 0.4997567628186941 0.4998747065739548 0.5010463491904608 0.499717613278835 0.5022145805815634 0.4982785844457964 0.4977118097802364 0.5013254852857254 0.49968921024017704 0.5010115778057371 
0.0 6.576972300109674E-11 0.4997567628186941 0.4998747065739548 0.5010463491904608 0.499717613278835 0.5022145805815634 0.4982785844457964 0.4977118097802364 0.5013254852857254 0.49968921024017704 0.5010115778057371 
0.0 6.576972300109674E-11 0.4997567628186941 0.4998747065739548 0.5010463491904608 0.499717613278835 0.5022145805815634 0.4982785844457964 0.4977118097802364 0.5013254852857254 0.49968921024017704 0.5010115778057371 
0.0 6.576972300109674E-11 0.4997567628186941 0.4998747065739548 0.5010463491904608 0.499717613278835 0.5022145805815634 0.4982785844457964 0.4977118097802364 0.5013254852857254 0.49968921024017704 0.5010115778057371 
0.0 4.384648200073116E-11 0.5004172561603732 0.4986143097426951 0.5011913512850303 0.4991726293320507 0.5030328587834336 0.49924828765041235 0.49848929205267234 0.5000055355870605 0.5000485845436169 0.5038613346485197 
0.0 3.866224007609276E-11 0.5004172561603732 0.49861430974269505 0.5011913512850303 0.49917262933205075 0.5030328587834336 0.4992482876504124 0.49848929205267234 0.5000055355870605 0.5000485845436169 0.5038613346485197 
0.0 0.0 0.5012688441550297 0.49869128559255627 0.5000305396338254 0.4996358284299605 0.5031725668634369 0.49946551273948187 0.49943843208851085 0.4993846660546215 0.5008684720514422 0.5044411381047601 
0.0 0.0 0.5012688441550297 0.49869128559255627 0.5000305396338254 0.4996358284299605 0.5031725668634369 0.49946551273948187 0.49943843208851085 0.4993846660546215 0.5008684720514422 0.5044411381047601 
0.0 0.0 0.5012964160232993 0.4986332717356955 0.5002171315210016 0.49958240860830205 0.5032223029683343 0.4994559065845473 0.49962485325860284 0.4994885065634075 0.500635671914504 0.5044348495575004 
0.0 0.0 0.5012688441550297 0.49869128559255627 0.5000305396338254 0.4996358284299605 0.5031725668634369 0.49946551273948187 0.49943843208851085 0.4993846660546215 0.5008684720514422 0.5044411381047601 
0.0 0.0 0.5012964160232993 0.4986332717356955 0.5002171315210016 0.49958240860830205 0.5032223029683343 0.4994559065845473 0.49962485325860284 0.4994885065634075 0.500635671914504 0.5044348495575004 
0.0 0.0 0.5012964160232993 0.4986332717356955 0.5002171315210016 0.49958240860830205 0.5032223029683343 0.4994559065845473 0.49962485325860284 0.4994885065634075 0.500635671914504 0.5044348495575004 
0.0 0.0 0.501255058220895 0.4987202925209867 0.49993724369023734 0.4996625383407897 0.5031476988109882 0.4994703158169492 0.49934522150346483 0.4993327458002286 0.5009848721199114 0.5044442823783899 
0.0 0.0 0.5012964160232993 0.4986332717356955 0.5002171315210016 0.49958240860830205 0.5032223029683343 0.4994559065845473 0.49962485325860284 0.4994885065634075 0.500635671914504 0.5044348495575004 
0.0 0.0 0.5012137004184906 0.49880731330627787 0.49965735585947313 0.4997426680732774 0.5030730946536421 0.49948472504935104 0.4990655897483268 0.4991769850370496 0.5013340723253188 0.5044537151992794 
0.0 0.0 0.501255058220895 0.4987202925209867 0.49993724369023734 0.4996625383407897 0.5031476988109882 0.4994703158169492 0.49934522150346483 0.4993327458002286 0.5009848721199114 0.5044442823783899 
0.49977041959534235 0.0 0.5052312036545716 0.4924480635508612 0.5071310900485251 0.48879904652951167 0.49802677056542255 0.5398652427529064 0.5053929229591412 0.49464619086503325 0.5134447506335218 0.5195764099449469 
6.534886065489605E-10 1.0 0.4999939598963853 0.5005965509005537 0.49991624478569724 0.5026231223440775 0.5016611733727279 0.5015381701179391 0.5003893616790851 0.5030080321440049 0.4985359389330615 0.5046263476245728 
0.02295998935951681 0.49999999997807676 0.5043496890524162 0.49950259186061075 0.5001321429904282 0.5021490579206411 0.4974955602641978 0.501095207898045 0.49672697185710396 0.49971732782501854 0.4965606818576201 0.4987740302933433 
0.019981625983484526 0.29490557745576224 0.49862738405811696 0.49425275237529365 0.5059798793512593 0.5022496288103492 0.5120702964382775 0.5066281102524641 0.5124054637561808 0.503037359093786 0.5057263411400275 0.4987711131932406 
0.027768303077372488 0.2048643892406235 0.5121613928908522 0.49624545440243895 0.4921276425316802 0.5155862016712147 0.5226957064778887 0.4830992618770401 0.4904676294941718 0.5032478844301213 0.49708368995564767 0.49358316722118617 
0.04242336582148928 0.15545911857988623 0.4969359037037129 0.5055963611350693 0.5065341846704312 0.49833726198848616 0.5189924975688585 0.4880427828223361 0.48851215936143827 0.49928364519953994 0.5104570403174468 0.49735774613198597 
0.04605528564285261 0.12449497633129203 0.5045647161792183 0.4955889055451681 0.49622446656252195 0.49907622287079034 0.5011620430248613 0.5005946047481972 0.48677744326270944 0.49788189241797787 0.4999690306206595 0.4960837175756202 
0.05068084624178112 0.10392674974074272 0.49107787640909567 0.4948135055332326 0.49178486296963697 0.5062066563769765 0.4951499529778821 0.5020744895966432 0.4954841709455288 0.49978577173244454 0.5004757400265266 0.4953502585345238 
0.055651082424289074 0.08984842742097894 0.48607635340272987 0.4917872251764873 0.4921378525274454 0.5003441628185471 0.5043135639975028 0.5047665448258032 0.4962532147636223 0.5019910781031022 0.49702470685364525 0.496987048896821 
0.06167712841956449 0.07866559308481184 0.508820624320544 0.4882606956478071 0.5110136807470944 0.4983415780296301 0.5006702258193985 0.5083627940320103 0.5066882367343262 0.4982652534081198 0.500091037676331 0.5103004961978984 
0.06728229281145416 0.0696441914154799 0.4929996194371361 0.5007779159613155 0.48796608197606894 0.511959465771207 0.4940914380881427 0.4832222120713142 0.5013310383906588 0.49834313582415957 0.5028657939753479 0.515626850385011 
0.07842119188955421 0.062376782689195276 0.5090946574071706 0.4948561540186648 0.5140855732225501 0.5069420587156565 0.4871645544971284 0.49047118006051615 0.499822444842975 0.49223868035370544 0.5053754424983592 0.5040580411334898 
0.08951419009334366 0.05750659195381436 0.5240220878629885 0.4895872571598693 0.5142159857276681 0.4991973258479536 0.49457794162584184 0.4986463584004961 0.5062836772697717 0.5052616567201547 0.5046802281350978 0.5068919619840033 
0.10027467934734247 0.05262279568602862 0.5144559825785765 0.5062992497368719 0.49632173394046275 0.4973881274721391 0.5057343660158371 0.5114078263369232 0.5054441499535467 0.5002945389685258 0.49781341125222434 0.492415395360151 
0.12275778151699623 0.043924739108968644 0.5042360968455527 0.4883402396008574 0.4943775596476896 0.49524354791342373 0.49953008412022415 0.5059151734213594 0.49271408943700035 0.5082515689172722 0.5098009796579694 0.49077195730439516 
0.15503430478600022 0.016525628838008705 0.5034917289003882 0.5048608214147962 0.490126743476884 0.49898004016133257 0.5084472763299892 0.49250173385616625 0.4931410220844915 0.49275950587062595 0.5097802281793379 0.4898808688425851 
0.20284075943134244 0.04002252001064105 0.5199861590655025 0.5067408794631744 0.4960736821887709 0.5017344447913938 0.5021281470130566 0.5159600639929869 0.508624525124325 0.5056374057831339 0.5025543821484062 0.5021323692869375 
0.2932146855353994 0.031486291935755195 0.5003841063814491 0.5013483074332745 0.4994652604497709 0.5063145829598965 0.49429732526999165 0.5047812810374439 0.502313889463383 0.49805194393858815 0.5094322610003104 0.5085827997099975 
0.49977041959534235 0.031182104151358137 0.505308899166979 0.4925440941875134 0.5068708541334361 0.48875902431468876 0.497863432764195 0.5414951437659047 0.5055415935317733 0.4945947534513846 0.5137713355269043 0.519541719408059 
1.0 0.4041741807924184 0.49901434123972543 0.49743584198780744 0.49760989347985085 0.49799083968161006 0.49670847604487023 0.499947109637948 0.5007263372078848 0.5012035113940161 0.50038625206412 0.4996767359683791 
6.534886065489605E-10 1.0 0.4999939598963853 0.5005965509005537 0.49991624478569724 0.5026231223440775 0.5016611733727279 0.5015381701179391 0.5003893616790851 0.5030080321440049 0.4985359389330615 0.5046263476245728 
0.02776830340411679 0.7047183871335729 0.5122799914296977 0.4966063765657384 0.4915625903292984 0.517038956203836 0.5224190028734709 0.48472905471311145 0.4918064054435961 0.504089157859261 0.49650705430208986 0.495390552130604 
0.048326883886512406 0.5000470005844728 0.5030861798883686 0.4988131802795479 0.5021391103673516 0.5061440885396711 0.4976408196716331 0.49012618790975315 0.4969029308599051 0.49904934733946393 0.49806016563411226 0.5028953020629603 
0.07022102835076488 0.37440708486490376 0.5058746360964008 0.49542358724689584 0.49204937983647407 0.5038950711108034 0.5019805879264851 0.4936047799536558 0.4930195771602445 0.5038831912517013 0.49574427159248846 0.501582942590677 
0.08116579981823505 0.29321104400243747 0.5072934061472321 0.4939935442972685 0.4916534808382438 0.5014374437601667 0.5006359075963871 0.4977728508998189 0.4840425858164955 0.4998207202502983 0.4978168741450953 0.4949445215466989 
0.09361510255513161 0.24146018465963648 0.4992891281419243 0.4969938262855335 0.4472477078295252 0.5058821871484572 0.5067139534604742 0.5060314101800745 0.48414291728929665 0.5107088934447032 0.49449276548512816 0.5049746837080278 
0.10524370254318344 0.2050549847164465 0.5064345928615115 0.49244162809946934 0.4956087474199847 0.5065582557178184 0.48521064207349873 0.5071402798188713 0.4998182806107987 0.49468723444136703 0.5066358197130396 0.49506248968051175 
0.11518417490819935 0.17689834007691896 0.4964315468487799 0.48638906738597876 0.49631472653560155 0.49483326860095966 0.5035378641127402 0.5125243902771912 0.5013563682469856 0.49909784718268235 0.4997337533672769 0.49833607040510614 
0.13529003659371586 0.1552872712894381 0.5161414605860376 0.49993407989004446 0.5019369943597347 0.49989949296258707 0.4980377284955309 0.5151919906539206 0.494116555288982 0.4836625351841785 0.5150012786365339 0.503668862778321 
0.1525801083419338 0.13660637676730658 0.4863721289381163 0.49671023579593393 0.4902786973107932 0.5137199737166349 0.48882772323625945 0.47652796221655497 0.49820490409096496 0.4929572464613097 0.5034711049639295 0.5144202324531287 
0.17365058695733931 0.12459051263820548 0.49056801296688257 0.499988017817632 0.49295543268670305 0.5144730712933726 0.48968203380717906 0.47641222950754725 0.4961297315368789 0.505421042668526 0.5033330587797293 0.5149760042635243 
0.19904783568796314 0.11222792749262193 0.4966869197129075 0.48720669609658485 0.4894423780904743 0.498025056953336 0.49221391713491053 0.4944603181893443 0.49202951696616937 0.5049171127044177 0.5114743495466352 0.49570735875395394 
0.23783629913046522 0.09864720576212696 0.501455674664313 0.4941807858012526 0.4799731352828728 0.5258713424180764 0.48832283138648197 0.503462597755979 0.48659711061545424 0.5121028024216887 0.5082455561792303 0.4972901278147799 
0.29232428154990403 0.09409271595615609 0.4885126928283393 0.5262644834539567 0.47278683506616725 0.4883679601458244 0.4914378701881929 0.5028528942918772 0.4982486019205861 0.49492352681859686 0.5105066850274171 0.4989843367654772 
0.3699719965350628 0.08367700934294482 0.4976411657398524 0.4955763080220148 0.48225386771922407 0.5133661534004783 0.4923560458869112 0.5148566276133185 0.49482173672581464 0.5072162481114113 0.5168857064454059 0.4997960638690042 
0.4975076968361166 0.08113852874909736 0.506439646380516 0.506518530946992 0.49264682242399127 0.5069058978975101 0.5081381264139356 0.5065776944335004 0.515512844456511 0.49999522117606826 0.5058933678471071 0.4916761930487162 
0.7063339624804034 0.004235931555899908 0.5079481068531354 0.5210591065852158 0.4930652210817068 0.49600480119648716 0.4970781530691742 0.495218539528803 0.4934981264209864 0.5009387701993486 0.50780744851319 0.5088869875468176 
1.0 0.4041741807924184 0.49901434123972543 0.49743584198780744 0.49760989347985085 0.49799083968161006 0.49670847604487023 0.499947109637948 0.5007263372078848 0.5012035113940161 0.50038625206412 0.4996767359683791 
0.0 0.999999999986298 0.4993845153740655 0.4998294944122912 0.49950179489409685 0.5030064577465942 0.4999131802072196 0.5011520537874239 0.49899793500865963 0.5045277939647013 0.4991072322234955 0.5010435185747126 
0.03325437439473858 0.7955595728854886 0.49220995823338376 0.501916469153693 0.509333608463836 0.4981147504984216 0.49682830998474375 0.49847165147819855 0.5016653364568933 0.5041287003294674 0.4956688328234288 0.5000710979836996 
0.06242046164547829 0.6255635944136951 0.4947315691838605 0.5186554171909061 0.5052241093487538 0.4936704441207889 0.4912053188059522 0.512672891195902 0.4874448437004274 0.5075343871878883 0.5053897295643917 0.48695099637202427 
0.07849659616775038 0.5000940012292349 0.496067312066441 0.4926352852927012 0.5053921280874729 0.5093076372891269 0.49664257039089565 0.4794733944894787 0.49808495307986955 0.5001069778590548 0.49944673551621166 0.49859901958661623 
0.12216617614748135 0.41006781652153523 0.5120384028490386 0.48183726080215966 0.4853590166185473 0.5096774909771677 0.5001125988606896 0.5258422537788802 0.5315800771901114 0.49769946600939674 0.5351507556041534 0.5132557907653498 
0.144233015021783 0.3430135703558386 0.5076431822928937 0.49538179823073347 0.483983615377736 0.5165608876381513 0.47778376782365806 0.506363816253935 0.49613417579003344 0.4937227090423778 0.5079166396271803 0.4896038025221133 
0.1628357899972831 0.29350415473298275 0.5044417382057148 0.48632900692111114 0.49317043504527025 0.5043885753522729 0.485463144738152 0.5137783311322608 0.5012518187079553 0.49423339023917795 0.5064784041248696 0.492299857558805 
0.18756493390034976 0.25650020475232105 0.538490345465221 0.49614698238854227 0.501622335824017 0.4956171827783806 0.49373641281719133 0.49410417685661834 0.4878292862420833 0.4873392793064176 0.5077256810516293 0.4784026428225652 
0.214947070991511 0.22651349591527573 0.5279677592078023 0.5135278796296143 0.49106567668426215 0.49501378401732493 0.5105306370861827 0.5297172115658795 0.4878579454247627 0.4894629053201772 0.5193232381477684 0.505331151750525 
0.246085532389229 0.20240991099306235 0.5142899636169715 0.48364388216335047 0.514549262248003 0.4972018290427835 0.4926201444933367 0.5037919608034349 0.5058953698295574 0.48992328649397243 0.5036020626057742 0.5118418663060397 
0.28258742414529975 0.18149526991212547 0.496822528245738 0.49362973568902657 0.5010799220864612 0.5062387175905912 0.4927416148052195 0.5012673767836215 0.48371520303143445 0.5032440545327365 0.5054493480080207 0.5084698637780442 
0.33470089140643167 0.16597504138038582 0.49854015408559943 0.49921881499122966 0.5015750514326147 0.5066943085808939 0.4969343426124898 0.49552013317271526 0.47940352365330186 0.502424108698479 0.5083323261125777 0.5049357144949732 
0.39884584248996263 0.15484261780972486 0.49575315631685235 0.48689062541263206 0.49563549865663004 0.4957121589342114 0.466751780249287 0.46346726136144023 0.4923523613315885 0.48276765223185647 0.47937596078402717 0.4839317035708475 
0.49376404423008435 0.13673188330781244 0.5270404688764396 0.5167950108646715 0.4924421954831741 0.502010005396699 0.49985441468763625 0.5286309070170219 0.514604247376578 0.500307797942058 0.5021075882862303 0.48468145210637525 
0.6194519708878083 0.13144025884960736 0.49343128677912257 0.49832874504531366 0.48194215242600524 0.5160792882917691 0.5013330853171414 0.5109405305324677 0.5002034266974811 0.5044246031497976 0.5191285826288059 0.48584634694564943 
0.7921746342408906 0.12195424330951657 0.4920881929987483 0.506565111273293 0.49846874444460826 0.5120113584455486 0.5127387870116686 0.49678262643758336 0.5217042898231887 0.4926078982082622 0.5136280113728164 0.4806369217239829 
1.0 0.3461851227553321 0.4987911242353313 0.49738925939483875 0.4984157573206579 0.4979165322617557 0.4967801055077964 0.49679666552513535 0.5006050794107982 0.5012620730801327 0.4997958203253329 0.499798653806045 
6.534886065489605E-10 1.0 0.4999939598963853 0.5005965509005537 0.49991624478569724 0.5026231223440775 0.5016611733727279 0.5015381701179391 0.5003893616790851 0.5030080321440049 0.4985359389330615 0.5046263476245728 
0.02823035340009404 0.8445829445860876 0.48004929812869646 0.5065718261300354 0.49870660469427475 0.5054616945497885 0.4977939814187953 0.5177222226876657 0.5038351877111706 0.51301252026931 0.5003976858272077 0.49940170517893784 
0.0702101726226116 0.7072294568246627 0.5157651836099963 0.4866044499292311 0.4918274994391074 0.5088464533879964 0.49747251071062704 0.503671199668221 0.5021846416959019 0.5059308554798682 0.492225422416871 0.5057462090737542 
0.11579952446678671 0.5909021192169044 0.48136291350535126 0.4770464058888435 0.4865134842708924 0.49202327288188175 0.49708339529869555 0.5143696450031137 0.496011182079542 0.5165157621458415 0.5025003776564153 0.5204772938570047 
0.16088105633430635 0.5000842226896054 0.48876940859653994 0.4974291480088087 0.5149720708134596 0.5063552657961792 0.4726297396450694 0.5351394682043159 0.5038694090868433 0.5313053163976025 0.5296024545356932 0.46849948334772595 
0.1913878365707482 0.43028866519688547 0.47793128220392067 0.5003992924117692 0.4973183255564041 0.5181211689391487 0.49131872035732205 0.5149257236456374 0.5139853339790539 0.5141486863908082 0.5138225493377547 0.5029120223202126 
0.21938216866327598 0.3733823659152011 0.4944303783017395 0.49158039379164736 0.49622707333551663 0.518897426405939 0.4936833868657394 0.5141802502628643 0.4926447746518269 0.49907581471047346 0.4968052855462637 0.4955348158988592 
0.26088193564703305 0.3273693949397679 0.5035102105972127 0.5120588386402266 0.49482664630021345 0.4955929281947207 0.5024064272447092 0.5019441360221597 0.4901400106913756 0.4939583097973551 0.5114796222747643 0.4981322247632527 
0.3038457712358128 0.2902306501425356 0.5122783404796052 0.49533899278468096 0.49281777594111414 0.5029000671934554 0.49954315507935 0.5246228203905531 0.4835581139420751 0.47654100447224335 0.5123191955954156 0.5122723897065585 
0.3459867284666238 0.26619892188433336 0.5206701085371377 0.5018945568280772 0.49817124669293383 0.5044062623469308 0.5012517762211892 0.5243913549725376 0.4794077688339029 0.5014685968866761 0.5120431032270152 0.5133839333273498 
0.4050453263132826 0.2376274558662157 0.49948600599781906 0.49007099203742055 0.5178544855141305 0.4909857098563902 0.49269353672072425 0.519857158372155 0.47059885998073436 0.4956722898344311 0.49947134903816226 0.5076867138537817 
0.482752103466431 0.21091157767030738 0.5075091186898943 0.487623095459028 0.5131767526590956 0.49548356082663914 0.4883347281729301 0.5403729288144283 0.4873844918980919 0.4978993416152921 0.4959324686093279 0.4955465233023985 
0.5734311054301434 0.1975646671146453 0.49609634646205925 0.49539753059364844 0.4980494436748365 0.49846604773560527 0.501943108375925 0.5004349817315795 0.4851759373913621 0.48896486298915265 0.4956881662593793 0.5043436278096511 
0.6974086437356777 0.17332618218588533 0.5153629725848331 0.5231351800956516 0.48918637643589247 0.503381490385459 0.49746469161881907 0.5040314531171393 0.5272340004745415 0.4893130245508272 0.49304981760032596 0.48465346109724133 
0.8431870841109238 0.18276098610842978 0.5025421873242688 0.5135877921785185 0.5111467964902151 0.5053571991498167 0.48892897292307114 0.5077994666637649 0.4961139954004667 0.5011847409063059 0.5000315032476337 0.4945702144631059 
1.0 0.34180997248970213 0.49885895021491067 0.49724378071450304 0.49813036531002886 0.49807088411125594 0.4970351516473253 0.49668730761195135 0.5004289960626205 0.5013063862213134 0.49973308227735497 0.4997461170421549 
3.2674430327448025E-10 0.9999999999949429 0.4994442768116031 0.5007599216162402 0.4996785647089146 0.5030021614831062 0.5005800899688485 0.5009480886697891 0.4994213227200247 0.5042817128955905 0.498689397465806 0.5018869446074097 
0.046069546946302234 0.8755635944109548 0.49373857651940134 0.5073303721294031 0.5014344042228269 0.49503928413405274 0.49366181427617295 0.5090344817182944 0.49466881205634083 0.5148797088948531 0.5093628119370368 0.505522941179503 
0.08720866456438713 0.7580068783359624 0.49262023501924734 0.5024167996283249 0.5060191654465168 0.49759261698174617 0.4970918820382947 0.5275729057877285 0.5066383320143402 0.5145624403022361 0.49960520674801223 0.4936914004926126 
0.13853206961083964 0.6559119272187685 0.48912180647876713 0.5176933969247752 0.5078777214017419 0.4855268970770763 0.5139577148067718 0.5026718907902856 0.5004711370609858 0.506922086187682 0.4972909993155157 0.5009081042181067 
0.19238207067034008 0.574263444181419 0.4827795917046894 0.5067993539922062 0.5213663090178001 0.510970759047717 0.48923979853142885 0.517856790231006 0.5012608606825582 0.532307578165603 0.5184872802467189 0.46709733399722686 
0.23493586327637733 0.4996180671083754 0.49600967383829364 0.49337389689673616 0.5059097523090106 0.5048170486555594 0.4637348326293033 0.4900613518849888 0.49153909416113517 0.5046582869135655 0.5008934690957911 0.49698087640150623 
0.2840079248345366 0.44186259771660985 0.4924621044220138 0.5050694188879061 0.5059589114539512 0.5136195618553487 0.5186832625108709 0.47921297518564093 0.4960347218993851 0.49623791377517906 0.48424805554692096 0.48949555885780677 
0.3354742962174979 0.3957978005107492 0.4801059920633832 0.499926546018446 0.48901141991880237 0.5001662798371593 0.49408520372332687 0.5074013266215831 0.4990971308759961 0.5120641034021676 0.49247977796850223 0.5151740010250575 
0.3915638764813249 0.35218342076769127 0.4896579807834064 0.4829113901687664 0.5149387181503962 0.5028976452836578 0.4832986963370154 0.5007527787114593 0.4752007480344348 0.46166578041012674 0.5066093633412283 0.513951561230303 
0.45813594820427855 0.32190023714995863 0.5053142648564858 0.4952762012502935 0.4790012028996137 0.49591521692544055 0.5037284482188538 0.5307482910477255 0.49250679161138494 0.4882491594413341 0.5167653787345867 0.5129063869950268 
0.5367395037496312 0.2960048584713814 0.5167308261192448 0.48987275551426457 0.4981081533241954 0.4902601396214194 0.4895607624314311 0.5345611100409737 0.5226520271982549 0.49529636238742836 0.4964328829503499 0.4945975599741264 
0.6325530624303426 0.27062225025057324 0.5123823297708001 0.5284789091595959 0.47989767060635036 0.4862593311326199 0.5013906945944124 0.5234977794535538 0.5163593988680162 0.49220464824053084 0.49724363245905967 0.4787817487140674 
0.741858216454691 0.23832494176787244 0.47323227439256726 0.5121896119687663 0.47882614926950534 0.49846381597997325 0.5192192928041455 0.48419871296189826 0.4807212637691535 0.4794534576489895 0.4905569333416349 0.5045692413394272 
0.8679249705757233 0.23466041831297815 0.5217495556954256 0.5060034902811511 0.4955800137916394 0.4756707314502422 0.48946389903809845 0.49396066112688586 0.4937326817073981 0.511443020620294 0.49157351419097317 0.4926339099894118 
1.0 0.33138716929514606 0.4988075695700117 0.4973406884229038 0.49829378841605165 0.4979700667847372 0.49685670167810386 0.49675817440034187 0.5005369631369422 0.5012615226010595 0.49981391820251764 0.4997749076569476 
0.0 0.999999999986298 0.4993845153740655 0.4998294944122912 0.49950179489409685 0.5030064577465942 0.4999131802072196 0.5011520537874239 0.49899793500865963 0.5045277939647013 0.4991072322234955 0.5010435185747126 
0.049008891272455245 0.8982935104907187 0.4962548257228113 0.5009465659316892 0.5034653929066691 0.5027615769040888 0.5009916487920447 0.5096385641289434 0.503223208492493 0.5050040466973945 0.4996521691149248 0.5003220972719654 
0.0980177804883374 0.7965870209814374 0.49232870970533193 0.49803095721885854 0.506041621434163 0.5004177568795926 0.5000396487738309 0.5193221584799018 0.5054031584358423 0.5067816591829338 0.5030099061625228 0.4987450004354958 
0.16156095461077974 0.7058513066780072 0.5205998104858118 0.4931028954266702 0.5165710746035312 0.48493109932673234 0.4976976173662386 0.5316247460643644 0.5095267040719935 0.5122640429380209 0.4966062688993582 0.48555967557050744 
0.22227892516911257 0.6273111520851258 0.4996430820941986 0.5625553864058578 0.4944545187351747 0.5094034902385308 0.491492684095297 0.5134347082589757 0.48927478927868007 0.520723972622168 0.49762341532505927 0.4698574631175626 
0.2725237583858068 0.5588597957085933 0.4888036887563654 0.5215627989167382 0.4842502937271029 0.5177847692537185 0.5177828549088014 0.4693207815004353 0.5198763764267746 0.4981010438042655 0.48538076083445303 0.4809124201205996 
0.34520818974595613 0.5008524001806804 0.4386089573428486 0.5231802635717354 0.4951423572871917 0.5021208048951245 0.48965639256601523 0.49633045628207073 0.4738420596488947 0.5211766389987831 0.5017215512868741 0.49367611559116104 
0.41389604004319613 0.4515774068170524 0.5057326739563337 0.519715860831059 0.4846507124412061 0.503970853015606 0.5075624705310103 0.4712797138334786 0.4906270960133346 0.5001177542500044 0.5115209365749773 0.49805854305006764 
0.4903494450769108 0.4027300130763704 0.48498940074050206 0.4960042012771218 0.5148590418324581 0.503900403071551 0.48610773336058544 0.5060679042765774 0.4949476224717725 0.4798473182938423 0.5059442970939502 0.5064958570970114 
0.5702603264279458 0.3718588911332589 0.5151346491013901 0.4923080176188659 0.49673259095508004 0.49042667462721634 0.493702725085798 0.5125470663140143 0.5188392294555811 0.4922625691198286 0.5012786181985023 0.4916962545747642 
0.6687194714396772 0.34250988963691437 0.4994512089090307 0.5046435482078249 0.487650669525293 0.49696900080698914 0.4947256185126756 0.501630313802721 0.513077455094272 0.49350449774374555 0.4979627988665566 0.4980043523692905 
0.7712788277922071 0.31366993128515985 0.477701933045692 0.5158019764350757 0.478009667497948 0.501070838986266 0.5095548836990328 0.47644911526318334 0.49211207337972135 0.4855830453745261 0.4950248240621991 0.5228135254837323 
0.8850051885685499 0.28018401674203264 0.5178784777070906 0.49328115574465337 0.49130038419810484 0.49790927181222566 0.4885665154392985 0.4963206706117104 0.4902332625668154 0.5093814206199159 0.5070333283104493 0.5007450856254262 
1.0 0.3461851227553321 0.4987911242353313 0.49738925939483875 0.4984157573206579 0.4979165322617557 0.4967801055077964 0.49679666552513535 0.5006050794107982 0.5012620730801327 0.4997958203253329 0.499798653806045 
3.2674430327448025E-10 1.0 0.500062292723588 0.5000457730005462 0.4994640514981764 0.5017592349215059 0.5023253842628589 0.5021777553379465 0.5006559739639528 0.502481430607895 0.49903642008493465 0.5061063563475496 
0.05455583078203347 0.909970327046915 0.49515450670556693 0.4957323697029908 0.5092875439465814 0.4846674343133242 0.4956114943140583 0.5131228219339892 0.49777182231616146 0.5057466282717225 0.49559465298891225 0.49315635054061013 
0.11795662232858617 0.8268478675079707 0.5236919001409863 0.4915280283144092 0.5139014779341735 0.487611894740635 0.4969781827026659 0.5185386124872613 0.5037420915326187 0.5089134843040255 0.4985835427363182 0.487170944417737 
0.18884116497503045 0.7436666690748883 0.4905378727229816 0.5057541735106065 0.5055501214831237 0.504057776109251 0.48780285014581226 0.509962077929238 0.4909880084861794 0.5122664981467329 0.4995291528723493 0.47935509730345177 
0.26007829425738294 0.6745989941574901 0.4991408564847758 0.5089703274600719 0.48883619080753477 0.5084158889844335 0.4931015486362146 0.5009540622425084 0.5168437122311758 0.502182400872591 0.49588644661314274 0.49068686270840123 
0.3362096653785955 0.6077330553535292 0.48977470547560154 0.49997974763296216 0.49211258951329195 0.5096454906719796 0.5001683142229323 0.5518964779328253 0.496242789128402 0.4983465886455477 0.5005025222099815 0.5061958955886856 
0.4133129880118383 0.5485737062873223 0.4809567415180741 0.5316336756753892 0.49287191479301473 0.49568792376200643 0.4796464263984695 0.4946226190005572 0.4651449732543804 0.4973003484740275 0.4943800602582355 0.49551943322674463 
0.4966790757843424 0.5021207807490828 0.5390745582998359 0.49885314096315103 0.5044251105405655 0.49936028031653384 0.5030877127473528 0.4978585397863845 0.49639613104546293 0.501080577986141 0.5014229157705843 0.4989916603061605 
0.5891350136724967 0.45327660538504955 0.48032082069759774 0.5090970123854772 0.5147793655145201 0.5049031608594442 0.48891677038415554 0.5113830298416955 0.5146944969091102 0.4980288561775579 0.505279230846672 0.49904015296371984 
0.6842475357296083 0.4185865199661736 0.5114247251063262 0.4958745115384653 0.5034949030474398 0.49072140154705046 0.4890612748466118 0.5042388919571045 0.5291698833607015 0.49553338001066227 0.49096201154076 0.4859451976284303 
0.7902996534457684 0.3855514432374201 0.5023528920127338 0.49918026449860786 0.4892177774695461 0.49933391536037813 0.4946298533861264 0.5026219019523923 0.5053044110547255 0.4995242121670439 0.49907475412061975 0.5018850935757524 
0.8951498267228841 0.367755563951154 0.500566412754647 0.4982982408702903 0.4938461746073154 0.4986107004279856 0.49568229953139786 0.5038606912946351 0.5029720961158668 0.500390741946753 0.4994367617948434 0.5008474308610145 
1.0 0.3499596846648879 0.49877993349656013 0.4974162172419727 0.4984745717450847 0.49788748549559314 0.49673474567666925 0.49681736998766546 0.5006397811770082 0.5012572717264623 0.4997987694690671 0.49980976814627665 
3.2674430327448025E-10 0.9999999999949429 0.4994442768116031 0.5007599216162402 0.4996785647089146 0.5030021614831062 0.5005800899688485 0.5009480886697891 0.4994213227200247 0.5042817128955905 0.498689397465806 0.5018869446074097 
0.061655847950325596 0.9223792599918523 0.492781296504058 0.4904739612857969 0.5146984774215547 0.48821149859613744 0.49726540374380096 0.5149809279878402 0.5017217174030124 0.5070652518021161 0.4952586407620506 0.4892211956044655 
0.1320827345498286 0.844900561263834 0.488478757505895 0.4985867479823151 0.5169913470531143 0.4865072162203693 0.4908768513598958 0.4722311952586515 0.4947287002919145 0.5030775254537283 0.4979583972142958 0.4980604359553941 
0.2130786622676242 0.7736599047994723 0.48439572305456197 0.5117943288185436 0.5048271899896537 0.4954547210549756 0.4813422813495808 0.5050236345385908 0.48152203712332337 0.5034892909439304 0.4963385953984827 0.49462770337792805 
0.3013710357287037 0.7066404909340168 0.4850090802399052 0.5110583518645042 0.5100132497367375 0.4992306220963995 0.4794618787456725 0.493817668412447 0.4686928696865941 0.49211877358618805 0.496447570887439 0.51054376820144 
0.39399248970539813 0.6409103465778567 0.4911577220666239 0.5207814126664818 0.5247447505998637 0.4824695575990203 0.4897874247541172 0.50535927397117 0.49385757709245365 0.5033162882232594 0.5106946187521575 0.5229845829248001 
0.4872246989509314 0.5922418778810595 0.4609865044248992 0.5227827896204282 0.5170607852230592 0.45984453061848385 0.49035250136861586 0.5236000140339514 0.4903659752805173 0.5059246607542481 0.48267712109148053 0.48605317447376367 
0.5888780703326477 0.5383667566879778 0.4807040186381562 0.5125577116220943 0.5196286607561188 0.5201671802254584 0.4929192821264862 0.50912481995922 0.5182371092227281 0.4819190626357501 0.5056262835410857 0.4922661048086853 
0.6929835690852315 0.5031858231040867 0.4853127382624074 0.5052558134230337 0.5056590775939531 0.49198527469037207 0.4933746911929138 0.5137738566589405 0.49293499640608296 0.500628872081105 0.49825290320832205 0.4964551928337372 
0.79733749238863 0.45819727121828036 0.4985611280575777 0.4975823520921658 0.4950860256141848 0.5041005761782208 0.4937726579199086 0.5097098542481483 0.49192938213795295 0.5027329184296992 0.5016253094628601 0.5035672059394113 
0.9043325633453249 0.4041476973909152 0.500121610893909 0.49471376870921335 0.4918093941352589 0.5012395166106101 0.4938185304423307 0.5027178775056125 0.49933276846272506 0.505339777523324 0.49975234847024946 0.5056066339739063 
1.0 0.33138716929514606 0.4988075695700117 0.4973406884229038 0.49829378841605165 0.4979700667847372 0.49685670167810386 0.49675817440034187 0.5005369631369422 0.5012615226010595 0.49981391820251764 0.4997749076569476 
6.534886065489605E-10 1.0 0.4999939598963853 0.5005965509005537 0.49991624478569724 0.5026231223440775 0.5016611733727279 0.5015381701179391 0.5003893616790851 0.5030080321440049 0.4985359389330615 0.5046263476245728 
0.06822985515086365 0.9324195081566057 0.4962189444139606 0.4928992101141933 0.5031338149648393 0.4993121020949052 0.495455608147988 0.48823820604487045 0.49853122554460544 0.5021160475668907 0.49127568900972163 0.49711025278756266 
0.15130857457729224 0.8628172566753832 0.49545393376235647 0.5059578305233501 0.5100594690765972 0.4991928096753725 0.4896864697509511 0.504819843410429 0.4882546786123425 0.4945516364644399 0.49791411246360884 0.4983809304704444 
0.2453493531946327 0.794836849601271 0.49155281844578247 0.5106013255522257 0.5185069290572025 0.4951712398595125 0.4897684393388265 0.5007064909971417 0.48567732688862275 0.493695673852583 0.500173887387586 0.5081620767899778 
0.3485623336134167 0.7344622437017276 0.49204677855171436 0.5260922016261136 0.537941920371819 0.47523243219278677 0.4845874873120643 0.4797642805033282 0.48857484597256406 0.500990830826777 0.5105303013409597 0.5239676735254462 
0.4559774414598952 0.6751321131081574 0.49963530173946513 0.5029595088143909 0.49311750642043595 0.5216331938278268 0.5040921832333044 0.5019310974890501 0.5210443386841048 0.495072082350434 0.5070701870101043 0.4887678898367356 
0.5720271570830282 0.6330994609421667 0.5081508520905587 0.500187487826004 0.5057748749417644 0.5020467860829632 0.4920186733902947 0.5107620278818672 0.48904581850391815 0.49639170327559096 0.5070845435903217 0.5118831487103341 
0.6866235526878721 0.5772009809721916 0.49132803165295075 0.5006792114375623 0.5257466254575153 0.4841270634178885 0.51578063572907 0.5098885876033168 0.5011200630169771 0.49885889391463284 0.5037807988244716 0.509962969029464 
0.7943700122729251 0.5373987493273449 0.4962785222135014 0.5077803479302765 0.5050418256500313 0.492058241196105 0.5058342728486083 0.5078230581796734 0.493089435371973 0.48875158986108547 0.5174401126562663 0.4984510662779413 
0.9028122698876612 0.4881821612242449 0.5061441204447631 0.49795264684691526 0.49773890015374084 0.5050568125669177 0.4965096080105641 0.5015271746440364 0.49539384982868995 0.48681184449696246 0.5020581369307361 0.5058185264529754 
1.0 0.40815536966480787 0.4990593576204248 0.4974780229954812 0.4981458613425784 0.4979745659824617 0.4966705907770431 0.4994704912432959 0.5009834595227821 0.5011768667965208 0.5000928833818667 0.4996744804687329 
1.7847114323237597E-10 1.0 0.4991930010092368 0.497319953185957 0.49969208029910106 0.50316562443353 0.4979322991028604 0.5009324804149495 0.49772051964952163 0.494837377738243 0.5001186234610471 0.4990868455320038 
0.0755971676561517 0.9371769342715732 0.5000471999306788 0.49693594561427507 0.5151071950358457 0.4952999474012272 0.49951246808299493 0.5101013349865484 0.4996889397669688 0.5004249440964137 0.4965827928814 0.49844742762999766 
0.17233241529334145 0.88682995307046 0.495586467887603 0.5030170917795884 0.5037079602435264 0.5036123554885242 0.4920893672915295 0.5058669223292105 0.4906996661379268 0.500008595343562 0.4865306105536681 0.4966455851534138 
0.2776200441216412 0.8160137944030698 0.49870991383700297 0.5094083222859078 0.5321866681247513 0.5026399485103745 0.4981945973280723 0.4963893474556925 0.48983261665392214 0.48390205676123565 0.5040091793766892 0.5216964502020276 
0.4070487448348952 0.7612823676622205 0.5097473485731443 0.5059838071461794 0.5242862515982343 0.49777984937026815 0.4851278168393957 0.5042835621367412 0.5084659683055183 0.4825703792649425 0.5000991160613067 0.5325135122643354 
0.5369485411135223 0.7104329314946736 0.4810570523309873 0.5085285651839497 0.5214606588328431 0.48792838582623066 0.4948190017753009 0.5084304367735769 0.4937402799593392 0.4949350740930844 0.49970831170041663 0.5208188778814663 
0.6668483373921494 0.6595834953271267 0.5075375980765633 0.5110733232217199 0.5186350660674519 0.47807692228219323 0.5045101867112061 0.5125773114104126 0.4790145916131601 0.5072997689212263 0.49931750733952646 0.5091242434985972 
0.7885021937506503 0.6105181065461998 0.4966543623563334 0.4980699149850162 0.5144049435222365 0.4980658906181138 0.4957591116614979 0.49314593745002444 0.48570096768078874 0.4856660245903276 0.5046825891389812 0.5046763932972258 
0.9039331240832937 0.5631556031160158 0.5004787230367782 0.5059964029325327 0.5109648266730652 0.493897747467766 0.49884859137422477 0.4974084974507166 0.499863931787557 0.5000559339362188 0.499118558144074 0.5009578338608655 
1.0 0.39317053233920574 0.4989482857660855 0.49744628239016464 0.49815045867397745 0.4979520445712405 0.4966847817695026 0.4996659791973487 0.5006633319935874 0.5011561963784946 0.5001036362155715 0.49969364203817224 
1.1175221171045387E-9 1.0 0.4996869713747638 0.5005910639152384 0.5002906223391381 0.5041355106810576 0.49993797395655937 0.5004437250964672 0.4993818890993327 0.5017533051991823 0.49820652776418695 0.5004930198202194 
0.08616620853693575 0.94341497653523 0.4983201802060706 0.49928646192267434 0.501872880238917 0.504882587953322 0.49486173712975484 0.5042706247581954 0.49503317896439925 0.5024143880491196 0.49206593995886205 0.4980551539049284 
0.20124186716342626 0.8959151447587343 0.5005410336540167 0.4960696937770923 0.5014561065900371 0.5008939119402147 0.49065085624054383 0.505680715854594 0.5023098564294444 0.5119465671864715 0.4882962228717244 0.5105240347286277 
0.33368045059399876 0.8340341052558047 0.5084600984295711 0.5239275893781064 0.527855878601233 0.4914326684363759 0.5042934582496672 0.5084784297547962 0.4771391792936651 0.48312370094475654 0.49325961136797547 0.487274490984062 
0.48176896279845455 0.7815180815494647 0.48974669625237965 0.5300572862630271 0.49625504136114645 0.4877093160888768 0.4907593264305983 0.5126095655157921 0.488537615243654 0.48413126065503603 0.4869585991688784 0.47996920696329404 
0.6324537243891946 0.7426665817560515 0.4838648249174156 0.49498209886345335 0.5096913716537166 0.47195202245328133 0.485240671108985 0.4932527464878941 0.4674478315395064 0.45585563892770653 0.4991314011217634 0.49729836087097695 
0.7698612368363174 0.6846680489696054 0.4882951459525199 0.5096313038928211 0.5120412553760341 0.5212402207301741 0.5070118645477933 0.5140674741418099 0.48794555362664377 0.49990853244108435 0.4958160033796572 0.4956993424872901 
0.8969740916113427 0.6240773168102749 0.4963455275623199 0.49656264890267965 0.49453812628466787 0.5070445572179422 0.4962206576897871 0.4985867229195227 0.5056479839530906 0.4992302527414813 0.49535736884364906 0.5077308151073966 
1.0 0.3903122320948891 0.49891820453638025 0.4974221133931652 0.49813077205755474 0.4979604209836411 0.49670736790433656 0.49992948326912867 0.5005229421947622 0.5011528568277306 0.500100825478597 0.4996956990025023 
1.7847114323237597E-10 1.0 0.4991930010092368 0.497319953185957 0.49969208029910106 0.50316562443353 0.4979322991028604 0.5009324804149495 0.49772051964952163 0.494837377738243 0.5001186234610471 0.4990868455320038 
0.1044992144566286 0.9517690338889614 0.4996434576658694 0.5051073181513426 0.5129923227259012 0.502362121386376 0.4964488372135165 0.5039195277951036 0.49448817805204004 0.5031367549707808 0.49740257139276634 0.5016639634536257 
0.23925791784336853 0.9011252219095347 0.5033369122919747 0.49328975829518484 0.4959538243905106 0.4972928066960325 0.5024743573300026 0.49491073767380817 0.5087523623850534 0.4977051224150818 0.5034912757952621 0.5069838021125399 
0.4039331257118416 0.8657070066761432 0.5023700693843314 0.5058959630802661 0.5124898295475073 0.4988705944112799 0.49948839180200066 0.5007108771403019 0.5008336504414403 0.5012186320960088 0.4966586957200869 0.5016114504829827 
0.5770043875013007 0.8088996545552021 0.49420435071148483 0.4986196259668766 0.5306287437870525 0.4981734889537399 0.49488551904776734 0.4874969243517821 0.4701613535239016 0.4701497146510106 0.5092656989985583 0.5096805616253647 
0.7395031723685264 0.753700042815578 0.49083476341894766 0.5177759365712522 0.4953752853389163 0.4779023290138018 0.49064281080513017 0.5057684072341069 0.5017555952328708 0.494556602202599 0.4953836897705419 0.49174394062903365 
0.8835493093874578 0.7052750265256484 0.4901089882690178 0.5075629453861492 0.5032683923463601 0.48810956387970494 0.4987690798637277 0.5064973615471158 0.5014595644243657 0.5024452380956231 0.4998123918759313 0.4996090083910317 
1.0 0.4041741807924184 0.4990143412396675 0.4974358419878067 0.4981105794277363 0.49799083968243574 0.4967084772788577 0.500146031938325 0.5007263372078885 0.501171399063397 0.5000862874843297 0.499676735968379 
8.045051258138178E-10 1.0 0.4995223145862548 0.4995006936721446 0.5000911083257924 0.503812215265215 0.49926941567199307 0.5006066435359613 0.498828099282729 0.4994479960455358 0.49884389299647364 0.5000242950574809 
0.12283222037632147 0.9601230912426928 0.5009667351256681 0.5109281743800107 0.5241117652128856 0.4998416548194302 0.49803593729727824 0.5035684308320117 0.49394317713968083 0.5038591218924419 0.5027392028266706 0.5052727730023232 
0.2922522177162093 0.9026464779729938 0.50516960981148 0.49557473884063497 0.5147179011788297 0.499140719054858 0.5177514744677245 0.5202109410173007 0.5017537557044482 0.5084147532317986 0.5146277671915297 0.5083125090232908 
0.49307358031421716 0.8661898024323484 0.4831757728941932 0.5151160505499779 0.5241473260552545 0.49112048124818775 0.49907059874836324 0.5088636101415245 0.5001223473938508 0.500840111493037 0.5021512594441273 0.5163184532626459 
0.6939429853959049 0.8166552600150194 0.47100343614673545 0.5262330282794396 0.5148039574584115 0.4796260075004498 0.4966368644490542 0.5274884159490625 0.5051067526066091 0.5067992968571821 0.48979247136280984 0.50660577275307 
0.8711055012866746 0.7835918955618805 0.4942993932118203 0.5041001911268967 0.5001628079604267 0.4878775545702354 0.4990009880881495 0.49958625379007804 0.4974161093696088 0.498674112483045 0.5026216898143285 0.4949277682396162 
1.0 0.4041741807924184 0.4990143412396675 0.4974358419878067 0.4981105794277363 0.49799083968243574 0.4967084772788577 0.500146031938325 0.5007263372078885 0.501171399063397 0.5000862874843297 0.499676735968379 
8.045051258138178E-10 1.0 0.4995223145862548 0.4995006936721446 0.5000911083257924 0.503812215265215 0.49926941567199307 0.5006066435359613 0.498828099282729 0.4994479960455358 0.49884389299647364 0.5000242950574809 
0.15449520387530458 0.9678960267580208 0.5071383248645953 0.49496404557477985 0.4904363842047602 0.49619989145167476 0.5026707847422438 0.5022017623256965 0.5103797291278009 0.5039643378706837 0.4986462542547332 0.4973085781333558 
0.37088102203995155 0.9134324675750216 0.5080694179637887 0.5299439911874173 0.5294544495521933 0.48973970993076243 0.5263487821029473 0.5045451471350578 0.4871655733404622 0.5131607521171211 0.5085089444376395 0.49623318494733276 
0.6192165224694097 0.8767339046164516 0.4966650268227616 0.527512592579948 0.5190366637583745 0.48628211572536695 0.5054500954731722 0.505372796343766 0.5003031648037712 0.4998147526928293 0.5009588607485485 0.5008674117874153 
0.8390481041907836 0.8332216267475177 0.48724330628605594 0.5144139421502896 0.48679538283361534 0.4975413298161499 0.4965013750455909 0.5126489357182594 0.5033224942554888 0.5069160461581065 0.498619499426041 0.49564453447646695 
1.0 0.3903122320948891 0.49891820453638025 0.4974221133931652 0.49813077205755474 0.4979604209836411 0.49670736790433656 0.49992948326912867 0.5005229421947622 0.5011528568277306 0.500100825478597 0.4996956990025023 
9.280670211111563E-10 1.0 0.49951664850754796 0.49948402112990836 0.49976061331753746 0.5039201241728946 0.49954319632065286 0.5006284505150098 0.49890764108931573 0.5048881736304058 0.4988780788990588 0.4993197094618196 
0.19969247290393705 0.9601230912426928 0.5059683221100026 0.5030274755891144 0.5250713149914377 0.49394898971312534 0.5022547300186009 0.5041377039439505 0.4980904702488071 0.4992870632780454 0.5082601953260129 0.5003784494959536 
0.4975374374881704 0.9171219923135494 0.4866244794896051 0.5202770838794815 0.4930827376007759 0.4719146035911936 0.5195940082110369 0.5183231905142007 0.5012647597296097 0.5005455185983598 0.4941261878253435 0.4958590449181865 
0.7957831441032208 0.8767665231409869 0.4984542524172359 0.5130166664734608 0.5036408255351742 0.47040687848023244 0.4982426896856729 0.4955024189628361 0.5034545251593474 0.4986238830581534 0.5051903077617995 0.4975138598540089 
1.0 0.3954971227111993 0.4989386108464013 0.497405057056185 0.49809012283772003 0.4979932353065717 0.496744906118124 0.49940336918097916 0.5006080507941049 0.5011653422213753 0.5000911596022692 0.499686028113449 
1.1175221171045387E-9 1.0 0.4996869713747638 0.5005910639152384 0.5002906223391381 0.5041355106810576 0.49993797395655937 0.5004437250964672 0.4993818890993327 0.5017533051991823 0.49820652776418695 0.5004930198202194 
0.2947773480472605 0.9737732227085599 0.5063595152693967 0.49957588085481003 0.5025930175269231 0.5054942366048978 0.49784577932428314 0.5031550943008444 0.49555189095962987 0.4897291040410547 0.49928431386383143 0.49733434063770493 
0.7068624553119995 0.9416262714838042 0.49087429544995054 0.5105147451352673 0.5051696711810313 0.4848228872464819 0.5025040371596239 0.5145800177558452 0.5003763129840713 0.4896957734835658 0.4986072006935124 0.49880992781040767 
1.0 0.389780522222566 0.49887844838699075 0.49735671906218615 0.4980507496048746 0.4980099881313729 0.4967900783877919 0.4999303773245391 0.5003272711964546 0.5011586631198471 0.5000855381283201 0.49969014204210915 
1.306977213097921E-9 1.0 0.4998572942419796 0.5016981067005685 0.5008206313607388 0.5043508971892205 0.5003327515924659 0.5002589996779245 0.4998561371093497 0.5040612352162248 0.4975349766293151 0.5016663301786193 
0.5000000073717994 0.9900724616637938 0.4991044680114728 0.4968806066509309 0.5005928121804005 0.5070837582451014 0.4963921060362 0.49690897914807153 0.5028605032455098 0.48991881781480534 0.4940682428105797 0.49507182556067125 
1.0 0.4153521989497341 0.4991273040467632 0.49751758445829153 0.4981757762540092 0.4979649917579931 0.49662979022257603 0.4995783185501888 0.5011829925284991 0.5011832347682958 0.5000932580598716 0.49966777743186785 
9.280670211111563E-10 1.0 0.49951664850754796 0.49948402112990836 0.49976061331753746 0.5039201241728946 0.49954319632065286 0.5006284505150098 0.49890764108931573 0.5048881736304058 0.4988780788990588 0.4993197094618196 
1.0 0.389780522222566 0.49887844838699075 0.49735671906218615 0.4980507496048746 0.4980099881313729 0.4967900783877919 0.4999303773245391 0.5003272711964546 0.5011586631198471 0.5000855381283201 0.49969014204210915 
0.5000000073717994 0.9999999997830612 0.4991988146116537 0.4969368703519842 0.5006356388885451 0.5070696364708122 0.49633454808842603 0.4969964538326764 0.503147974112707 0.4899277640882656 0.4940692920393809 0.4950627002198807 
0.3918289025092221 0.5000062412565098 0.5000620269148816 0.49976491362657727 0.49999999269651185 0.5000223036657281 0.5000000000711935 0.49995450227240057 0.49888470124584017 0.5001423231195428 0.5001378289837844 0.5000891360607378 
0.3918289025092221 0.5000062412565098 0.5000620269148923 0.49976491362657743 0.49999999284503466 0.5000223036655733 0.4999999998409119 0.4999167855057137 0.4988847012458396 0.5001484074547478 0.5001221398386547 0.5000891360607378 
0.3918289025092221 0.5000062412565098 0.5000620269148923 0.49976491362657743 0.49999999284503466 0.5000223036655733 0.4999999998409119 0.4999167855057137 0.4988847012458396 0.5001484074547478 0.5001221398386547 0.5000891360607378 
0.3918289025092221 0.5000062412565098 0.5000620269148857 0.4997649136265775 0.4999999927566344 0.5000223036656654 0.49999999997799544 0.4999394112000803 0.4988847012458401 0.5001447612993372 0.5001380567630487 0.5000891360607378 
0.3918289025092221 0.5000062412565098 0.5000620269148799 0.49976491362657716 0.4999999926757617 0.5000223036657496 0.5000000001033683 0.49995979199078566 0.49888470124584045 0.500141469460218 0.5001437760727538 0.5000891360607378 
0.3918289025092221 0.5000062412565098 0.5000620269148879 0.4997649136265774 0.49999999278340856 0.5000223036656375 0.4999999999364617 0.4999324327004344 0.49888470124583983 0.5001458835378962 0.5001274424889282 0.5000891360607378 
0.3918289025092221 0.5000062412565098 0.5000620269148923 0.49976491362657743 0.49999999284503466 0.5000223036655733 0.4999999998409119 0.4999167855057137 0.4988847012458396 0.5001484074547478 0.5001221398386547 0.5000891360607378 
0.3918289025092221 0.5000062412565098 0.5000620269148816 0.49976491362657727 0.49999999269651185 0.5000223036657281 0.5000000000711935 0.49995450227240057 0.49888470124584017 0.5001423231195428 0.5001378289837844 0.5000891360607378 
0.3918289025092221 0.5000062412565098 0.5000620269148871 0.4997649136265773 0.499999992773793 0.5000223036656475 0.49999999995136846 0.4999348600373547 0.49888470124584 0.5001454912840766 0.5001293917257611 0.5000891360607378 
0.3918289025092221 0.5000062412565098 0.5000620269148851 0.4997649136265774 0.49999999274685836 0.5000223036656756 0.4999999999931404 0.4999417861520019 0.49888470124584006 0.5001443757752341 0.5001355801325547 0.5000891360607378 
0.3918289025092221 0.5000062412565098 0.5000620269148788 0.49976491362657727 0.49999999265988915 0.5000223036657662 0.5000000001279865 0.4999638900703967 0.49888470124584045 0.5001408104290531 0.5001454946008645 0.5000891360607378 
0.3918289025092221 0.5000062412565098 0.5000620269148881 0.4997649136265774 0.4999999927870552 0.5000223036656337 0.49999999993080935 0.49993152145131026 0.4988847012458399 0.5001460305572938 0.5001287494841946 0.5000891360607378 
0.3918289025092221 0.5000062412565098 0.5000620269148879 0.4997649136265774 0.49999999278340856 0.5000223036656375 0.4999999999364617 0.4999324327004344 0.49888470124583983 0.5001458835378962 0.5001274424889282 0.5000891360607378 
0.3918289025092221 0.5000062412565098 0.5000620269148871 0.4997649136265773 0.499999992773793 0.5000223036656475 0.49999999995136846 0.4999348600373547 0.49888470124584 0.5001454912840766 0.5001293917257611 0.5000891360607378 
0.3918289025092221 0.5000062412565098 0.5000620269148811 0.4997649136265773 0.4999999926933993 0.5000223036657312 0.5000000000760305 0.4999553894387381 0.4988847012458404 0.5001421817199572 0.5001430530224811 0.5000891360607378 
0.3918289025092221 0.5000062412565098 0.5000620269148879 0.4997649136265774 0.49999999278340856 0.5000223036656375 0.4999999999364617 0.4999324327004344 0.49888470124583983 0.5001458835378962 0.5001274424889282 0.5000891360607378 
0.3918289025092221 0.5000062412565098 0.5000620269148881 0.4997649136265774 0.4999999927870552 0.5000223036656337 0.49999999993080935 0.49993152145131026 0.4988847012458399 0.5001460305572938 0.5001287494841946 0.5000891360607378 
0.3918289025092221 0.5000062412565098 0.5000620269148879 0.4997649136265774 0.49999999278340856 0.5000223036656375 0.4999999999364617 0.4999324327004344 0.49888470124583983 0.5001458835378962 0.5001274424889282 0.5000891360607378 
0.3918289025092221 0.5000062412565098 0.5000620269148877 0.4997649136265774 0.49999999278042406 0.5000223036656406 0.4999999999410889 0.4999331907443325 0.49888470124583995 0.5001457609206852 0.5001290706049779 0.5000891360607378 
0.3918289025092221 0.5000062412565098 0.5000620269148877 0.4997649136265774 0.49999999278042406 0.5000223036656406 0.4999999999410889 0.4999331907443325 0.49888470124583995 0.5001457609206852 0.5001290706049779 0.5000891360607378 
0.3916894901655822 0.5000062403998039 0.5009988880611259 0.49871668493117866 0.4964222873455874 0.4975706723836513 0.5010148195095934 0.49964544729123506 0.49598996763596037 0.5044031464983437 0.5006360723895419 0.507648707833141 
0.39182430032642135 0.500229024825827 0.49853454902659616 0.49043649720767685 0.5084334494026191 0.49949747264098615 0.5027388312289427 0.5027241892132173 0.5016816620543312 0.4926590892042413 0.5053143727419978 0.4926426837869893 
0.3918753959923201 0.499938175951812 0.5005517063749464 0.46219328735311926 0.494810162267338 0.4980534007741246 0.5011201942761071 0.4988251162679812 0.4963863557112265 0.5009227705475917 0.4990912862784671 0.5001159716892384 
0.39182725328557544 0.4998657813155242 0.4998937514144447 0.5007544395595778 0.49617898220696377 0.4966837429196621 0.5102565071655483 0.500317579366243 0.5070304219927879 0.501849658381647 0.5021610556303252 0.5023101772669185 
0.3915894459574729 0.5001423669912874 0.4985235772337102 0.4996748436156879 0.5063584252346446 0.49972672568002524 0.5042306393091682 0.4963379062167075 0.5002860100531755 0.5034611952728976 0.5022959828857647 0.49992117599098557 
0.3918752532423353 0.5000062406318659 0.49977725946528334 0.5001484516051964 0.4988931476875784 0.4991654139505879 0.5009745034236934 0.4987071354786642 0.4970640626573109 0.5003233659288643 0.5001394154618123 0.4999945965186976 
0.39186298365716754 0.5000587344446139 0.4988656127691912 0.49965931628396654 0.5041314426693247 0.4997903033958746 0.4987866172055052 0.4998437173846324 0.5025904868275793 0.49725771217362863 0.5005918997382612 0.49816662642855986 
0.39193289253229086 0.49973398409280123 0.5022297304983212 0.5028859125371743 0.4845644970671828 0.5007225881271936 0.5034112044291723 0.5009519308631156 0.49762292979940226 0.5028626577448576 0.49880342501074015 0.5005714615841579 
0.3918961720564828 0.5001112277095618 0.4964984804916933 0.5014202810654418 0.5137431565067159 0.5043293188974176 0.5018896388111205 0.49861171761398476 0.5035170419828654 0.49178266410077043 0.5033401331185767 0.5007823538722879 
0.39182890250922187 0.5000062412565098 0.500062026915099 0.49976491362658 0.49999999568224435 0.5000223036626266 0.4999999954428293 0.49920430219912476 0.4988847012458264 0.5002633525008289 0.5009175238817904 0.5000891360607381 
0.3916418873433224 0.5000062383710113 0.5001927880913403 0.5003020620089434 0.4959005455740503 0.49769136002496916 0.5037780391185048 0.49737443445659146 0.4962547887091944 0.5061202437229047 0.5004254463283888 0.49789322021474264 
0.39168797573463954 0.5000190520734106 0.5033202056093318 0.4908588865781197 0.49190764916593 0.5004254737207625 0.5075923632276998 0.5032585027519431 0.5060183230633293 0.5041828826923873 0.5037231027558283 0.500332722315701 
0.3918961720564828 0.5001112277095618 0.4964984804916933 0.5014202810654418 0.5137431565067159 0.5043293188974176 0.5018896388111205 0.49861171761398476 0.5035170419828654 0.49178266410077043 0.5033401331185767 0.5007823538722879 
0.39181806435763633 0.499690551700389 0.497013888514234 0.49371896594942283 0.4990560487397151 0.4924226698215613 0.5232895957801446 0.5031627648959052 0.5158712237334463 0.4973130112697477 0.5076192262607184 0.49628066734315346 
0.3916144358398906 0.5000437890074476 0.5031656607712867 0.49383753419750576 0.4957757313301321 0.5003235428614772 0.5058571988660467 0.5013911952141825 0.5058427949235992 0.5066658412732501 0.5028340017750912 0.5038504359101361 
0.39189916006627956 0.5008106276034312 0.49841897164682325 0.49490825245003944 0.5143213096876984 0.5008730853826097 0.4971671943707464 0.5079049088810107 0.5042374757477984 0.49551954811712123 0.5131754021415065 0.49701742158193074 
0.3918289025072266 0.5000062412565098 0.5000620311050878 0.4997649136813619 0.5000086244729012 0.5000222439310364 0.50200760024652 0.4992043021003111 0.49888470097459836 0.5002633525097394 0.500917523766734 0.5000891360729821 
0.3917000094277806 0.49993114786482845 0.49627365470955004 0.5090886975164405 0.5132896058846296 0.5051783744879874 0.5043431176679825 0.49697768167587075 0.49690282560344184 0.49283518783435243 0.5028169813709502 0.4911269572469088 
0.39182622251139476 0.5000062405549663 0.5001526841738737 0.5000316743023534 0.49922887767565527 0.4982957611473771 0.5012857972268969 0.49885539053436107 0.4976120323404738 0.5003052863151656 0.5003705494404436 0.500042659634271 
0.39192138199973053 0.5000062400267957 0.49919726144883875 0.5009985881981147 0.4990876331947099 0.49914860348591716 0.49813469771629393 0.49888634960267997 0.49694379786978604 0.49958537097794203 0.4986723985396587 0.5010346102870751 
0.3918753959923201 0.499938175951812 0.5005517063749464 0.46219328735311926 0.494810162267338 0.4980534007741246 0.5011201942761071 0.4988251162679812 0.4963863557112265 0.5009227705475917 0.4990912862784671 0.5001159716892384 
0.39167914272189686 0.5000557144230404 0.4998435944977836 0.5059889695411255 0.5069650420040595 0.4980918994288065 0.49781546850359076 0.49512077545884003 0.4972609760610136 0.5052712034768911 0.49859234747896924 0.5070780868231413 
0.39182622251139476 0.5000062405549663 0.5001526841738737 0.5000316743023534 0.49922887767565527 0.4982957611473771 0.5012857972268969 0.49885539053436107 0.4976120323404738 0.5003052863151656 0.5003705494404436 0.500042659634271 
0.3916894901655822 0.5000062403998039 0.5009988880611259 0.49871668493117866 0.4964222873455874 0.4975706723836513 0.5010148195095934 0.49964544729123506 0.49598996763596037 0.5044031464983437 0.5006360723895419 0.507648707833141 
0.39182845586313675 0.5000062412949281 0.49947656314779193 0.5006982010943223 0.502645542539951 0.5023196497406871 0.502409134221999 0.49894212021854634 0.5022850066186477 0.49893594896328963 0.5017309979510036 0.5023582528788925 
0.39173055554737146 0.5001423704628185 0.4992639825127298 0.49782091156385944 0.5088374234267871 0.5005070244123238 0.5003312061067742 0.5000378443020735 0.5013360545043353 0.49890369208081287 0.5027526085656717 0.49994251195080297 
0.39175200443931507 0.49979501928297415 0.4973575065011611 0.5106491969717376 0.5055718565770988 0.505528516720271 0.5060487221611539 0.49785149600786616 0.4962719398802298 0.4941348404563668 0.501759931935425 0.4913681200086187 
0.3918289025072266 0.5000062412565098 0.5000620311050878 0.4997649136813619 0.5000086244729012 0.5000222439310364 0.50200760024652 0.4992043021003111 0.49888470097459836 0.5002633525097394 0.500917523766734 0.5000891360729821 
0.39182890142214055 0.5000062412564954 0.5000616081118561 0.4997649392494081 0.49962165921109347 0.4996696563982971 0.5010037321300596 0.49960211936267157 0.4988845802539122 0.5002633564907548 0.5009174716711868 0.5000891291815497 
0.39168797573463954 0.5000190520734106 0.5033202056093318 0.4908588865781197 0.49190764916593 0.5004254737207625 0.5075923632276998 0.5032585027519431 0.5060183230633293 0.5041828826923873 0.5037231027558283 0.500332722315701 
0.39182800921705113 0.5000062413333464 0.4988910993815546 0.5016314885620787 0.5052910897325132 0.5046169958034994 0.5048182707051808 0.49867993823794265 0.5056853119913998 0.49760854542575267 0.502544472020187 0.5046273696970497 
0.3916418873433224 0.5000062383710113 0.5001927880913403 0.5003020620089434 0.4959005455740503 0.49769136002496916 0.5037780391185048 0.49737443445659146 0.4962547887091944 0.5061202437229047 0.5004254463283888 0.49789322021474264 
0.3918280097605919 0.5000062413333536 0.4988913087830611 0.5016314757506632 0.5054802563883714 0.5047933194373058 0.5043164048104991 0.49887887438334766 0.5056853724873644 0.49754456084484344 0.502544498125492 0.5046273731366437 
0.3918465021060679 0.500030976610061 0.49908804524025846 0.5041106161553884 0.5025701574225667 0.498183401367898 0.4970424325926416 0.4965757512830036 0.49613193527737454 0.5021326417594723 0.4978236062584508 0.5045290856682768 
0.3918822375196701 0.4998701130254273 0.5259133118774848 0.5011920327439876 0.49266780224069007 0.5012357171558014 0.5010627039081916 0.5010482619195415 0.4988901499753054 0.5014137393590258 0.49994620109578586 0.5003535370356813 
0.39187514225547404 0.5000062406416528 0.49962964208676985 0.500381750884954 0.49953949723390667 0.49958548344298526 0.4980635485325174 0.49975139347871667 0.49791424969343334 0.4998104630352368 0.5067170877137697 0.5005618731677843 
0.3918465021060679 0.500030976610061 0.49908804524025846 0.5041106161553884 0.5025701574225667 0.498183401367898 0.4970424325926416 0.4965757512830036 0.49613193527737454 0.5021326417594723 0.4978236062584508 0.5045290856682768 
0.39182800921705113 0.5000062413333464 0.4988910993815546 0.5016314885620787 0.5052910897325132 0.5046169958034994 0.5048182707051808 0.49867993823794265 0.5056853119913998 0.49760854542575267 0.502544472020187 0.5046273696970497 
0.39203595545348446 0.5007801093837956 0.5005697983208689 0.4914101305531686 0.5027086811122299 0.49762421487326625 0.4963210843184748 0.5083528646815262 0.5030924175098644 0.49994346737884043 0.5109190767874686 0.5015245532789148 
0.39205508654151033 0.5001826913514478 0.49890307840775616 0.48314694100905176 0.5004604704630377 0.4989450339946824 0.4969267394246 0.5010526682809 0.49915366922330734 0.4976049006596027 0.5010914062313132 0.49763233647011335 
0.39210564961813144 0.49949946144280044 0.49987009466133425 0.5039760330989322 0.4758868494056665 0.4957552350117282 0.5236311520485076 0.5048139449909468 0.4891161461772996 0.495473069082984 0.4982421608258391 0.5063996700607205 
0.3918752532423353 0.5000062406318659 0.49977725946528334 0.5001484516051964 0.4988931476875784 0.4991654139505879 0.5009745034236934 0.4987071354786642 0.4970640626573109 0.5003233659288643 0.5001394154618123 0.4999945965186976 
0.3917361986085893 0.5000062425054186 0.5006336416946285 0.49899790841174685 0.5022393689334363 0.5016920296116756 0.5040736005795062 0.5001985304975429 0.5025256363163522 0.5001433369048278 0.5024735943784742 0.5002782133642907 
0.3917361986085893 0.5000062425054186 0.5006336416946285 0.49899790841174685 0.5022393689334363 0.5016920296116756 0.5040736005795062 0.5001985304975429 0.5025256363163522 0.5001433369048278 0.5024735943784742 0.5002782133642907 
0.3916439435282052 0.5000062437159379 0.5017915578470369 0.4972975644835034 0.5018247126526428 0.5017697040243616 0.5037306033045883 0.5018528451968367 0.5027665079979446 0.5012946715084149 0.503216295227177 0.4981981876080633 
0.39182890142214055 0.5000062412564954 0.5000616081118561 0.4997649392494081 0.49962165921109347 0.4996696563982971 0.5010037321300596 0.49960211936267157 0.4988845802539122 0.5002633564907548 0.5009174716711868 0.5000891291815497 
0.3917921312007623 0.5000357834980673 0.49762243610864165 0.5159075367656741 0.5107660033839356 0.5081676902872962 0.5234435371810984 0.4955474507080645 0.5032877810884633 0.49301135888884084 0.5014653919884803 0.49834817195870884 
0.3921203820903906 0.49990729281881824 0.5007708635260539 0.4881170838248091 0.483756549018847 0.4987034845845184 0.5082264546735092 0.5063246206854031 0.49831414489939413 0.49037345199171445 0.5039269533633922 0.4859718052565305 
0.3919568992491418 0.500359143049108 0.5004105219789607 0.4630133905530527 0.49916796188224294 0.49877611693427887 0.49859890292620546 0.5039780846476751 0.500409710343003 0.5004422058616651 0.5054740877728507 0.5008441601992175 
0.39192138199973053 0.5000062400267957 0.49919726144883875 0.5009985881981147 0.4990876331947099 0.49914860348591716 0.49813469771629393 0.49888634960267997 0.49694379786978604 0.49958537097794203 0.4986723985396587 0.5010346102870751 
0.3917345901568736 0.5000062371220881 0.4996207545085696 0.5010690928466048 0.4936654108713109 0.4956689868115657 0.5007081705507956 0.49677802301261886 0.4926137326467544 0.5062402633088317 0.49886932362110153 0.5193683448763746 
0.39181600280927503 0.49997147017927324 0.49753175403309197 0.492273435434974 0.5051558396770981 0.49564670627699137 0.505348175902842 0.5002383872321413 0.49703444442881806 0.4942242671367849 0.5040382138809552 0.4917456320778584 
0.39181600280927503 0.49997147017927324 0.49753175403309197 0.492273435434974 0.5051558396770981 0.49564670627699137 0.505348175902842 0.5002383872321413 0.49703444442881806 0.4942242671367849 0.5040382138809552 0.4917456320778584 
0.3919679560558865 0.5000062393829428 0.49920522588253397 0.500915482442858 0.49665801337154947 0.49714304073687715 0.49790463426731313 0.49806817539890963 0.49342300659486926 0.5003860671859608 0.49819100531396243 0.4998055123359569 
0.39182845586313675 0.5000062412949281 0.49947656314779193 0.5006982010943223 0.502645542539951 0.5023196497406871 0.502409134221999 0.49894212021854634 0.5022850066186477 0.49893594896328963 0.5017309979510036 0.5023582528788925 
0.3918822375196701 0.4998701130254273 0.5259133118774848 0.5011920327439876 0.49266780224069007 0.5012357171558014 0.5010627039081916 0.5010482619195415 0.4988901499753054 0.5014137393590258 0.49994620109578586 0.5003535370356813 
0.3918280097605919 0.5000062413333536 0.4988913087830611 0.5016314757506632 0.5054802563883714 0.5047933194373058 0.5043164048104991 0.49887887438334766 0.5056853724873644 0.49754456084484344 0.502544498125492 0.5046273731366437 
0.3919679560558865 0.5000062393829428 0.49920522588253397 0.500915482442858 0.49665801337154947 0.49714304073687715 0.49790463426731313 0.49806817539890963 0.49342300659486926 0.5003860671859608 0.49819100531396243 0.4998055123359569 
0.3916371205390238 0.49994842344493057 0.49937145853415477 0.5049864562344825 0.5243913195088145 0.49970172051408346 0.4932380948756624 0.49712120278402516 0.48500817936751234 0.5061077916777756 0.49941194931923805 0.5065795811011576 
0.3916371205390238 0.49994842344493057 0.49937145853415477 0.5049864562344825 0.5243913195088145 0.49970172051408346 0.4932380948756624 0.49712120278402516 0.48500817936751234 0.5061077916777756 0.49941194931923805 0.5065795811011576 
0.3915894459574729 0.5001423669912874 0.4985235772337102 0.4996748436156879 0.5063584252346446 0.49972672568002524 0.5042306393091682 0.4963379062167075 0.5002860100531755 0.5034611952728976 0.5022959828857647 0.49992117599098557 
0.3917000094277806 0.49993114786482845 0.49627365470955004 0.5090886975164405 0.5132896058846296 0.5051783744879874 0.5043431176679825 0.49697768167587075 0.49690282560344184 0.49283518783435243 0.5028169813709502 0.4911269572469088 
0.3916434968821197 0.5000062437543562 0.5012060940803915 0.49823085195125427 0.5044702614854217 0.5040670500929862 0.5061397381407855 0.5011928188238222 0.5061668133707229 0.500023313328974 0.5040297692963719 0.5004673044262192 
0.39175200443931507 0.49979501928297415 0.4973575065011611 0.5106491969717376 0.5055718565770988 0.505528516720271 0.5060487221611539 0.49785149600786616 0.4962719398802298 0.4941348404563668 0.501759931935425 0.4913681200086187 
0.39182430032642135 0.500229024825827 0.49853454902659616 0.49043649720767685 0.5084334494026191 0.49949747264098615 0.5027388312289427 0.5027241892132173 0.5016816620543312 0.4926590892042413 0.5053143727419978 0.4926426837869893 
0.39186298365716754 0.5000587344446139 0.4988656127691912 0.49965931628396654 0.5041314426693247 0.4997903033958746 0.4987866172055052 0.4998437173846324 0.5025904868275793 0.49725771217362863 0.5005918997382612 0.49816662642855986 
0.39205508654151033 0.5001826913514478 0.49890307840775616 0.48314694100905176 0.5004604704630377 0.4989450339946824 0.4969267394246 0.5010526682809 0.49915366922330734 0.4976049006596027 0.5010914062313132 0.49763233647011335 
0.39187514225547404 0.5000062406416528 0.49962964208676985 0.500381750884954 0.49953949723390667 0.49958548344298526 0.4980635485325174 0.49975139347871667 0.49791424969343334 0.4998104630352368 0.5067170877137697 0.5005618731677843 
0.39182890250922187 0.5000062412565098 0.500062026915099 0.49976491362658 0.49999999568224435 0.5000223036626266 0.4999999954428293 0.49920430219912476 0.4988847012458264 0.5002633525008289 0.5009175238817904 0.5000891360607381 
0.39193289253229086 0.49973398409280123 0.46478466331379464 0.5128345620390709 0.48473725180674065 0.5006634711887111 0.503357177951453 0.5010865469224244 0.497531091304517 0.5023926234497506 0.498981969825833 0.5006601139160862 
