671416.000000 -147270.000000 0.000000 
671353.000000 -144459.000000 0.000000 
671352.000000 -144402.000000 0.000000 
671324.000000 -144314.000000 0.000000 
671295.000000 -141737.000000 0.000000 
671244.000000 -141432.000000 0.000000 
670933.000000 -123271.000000 0.000000 
670858.000000 -123234.000000 0.000000 
670854.000000 -123140.000000 0.000000 
670433.000000 -122699.000000 0.000000 
670340.000000 -122447.000000 0.000000 
670328.000000 -121636.000000 0.000000 
670226.000000 -120425.000000 0.000000 
670209.000000 -115603.000000 0.000000 
670176.000000 -115546.000000 0.000000 
669873.000000 -110755.000000 0.000000 
669871.000000 -110627.000000 0.000000 
669792.000000 -107884.000000 0.000000 
669787.000000 -107864.000000 0.000000 
669782.000000 -107799.000000 0.000000 
669773.000000 -107761.000000 0.000000 
669712.000000 -107750.000000 0.000000 
669710.000000 -107667.000000 0.000000 
669664.000000 -106165.000000 0.000000 
669492.000000 -106135.000000 0.000000 
669470.000000 -105444.000000 0.000000 
669433.000000 -105266.000000 0.000000 
669365.000000 -105253.000000 0.000000 
669298.000000 -104455.000000 0.000000 
669174.000000 -104311.000000 0.000000 
669162.000000 -99520.000000 0.000000 
668802.000000 -98326.000000 0.000000 
668494.000000 -97865.000000 0.000000 
667630.000000 -96882.000000 0.000000 
667400.000000 -96237.000000 0.000000 
667135.000000 -92951.000000 0.000000 
665844.000000 -81301.000000 0.000000 
664672.000000 -79666.000000 0.000000 
662845.000000 -75192.000000 0.000000 
662771.000000 -70838.000000 0.000000 
662007.000000 -68830.000000 0.000000 
661422.000000 -68352.000000 0.000000 
659808.000000 -63253.000000 0.000000 
659046.000000 -61628.000000 0.000000 
658921.000000 -57509.000000 0.000000 
658494.000000 -57255.000000 0.000000 
657407.000000 -56299.000000 0.000000 
656121.000000 -54491.000000 0.000000 
655817.000000 -52509.000000 0.000000 
655550.000000 -47199.000000 0.000000 
655056.000000 -40650.000000 0.000000 
654861.000000 -40557.000000 0.000000 
652745.000000 -40136.000000 0.000000 
652347.000000 -30930.000000 0.000000 
651902.000000 -25105.000000 0.000000 
651674.000000 -23811.000000 0.000000 
649332.000000 -18747.000000 0.000000 
649286.000000 -15541.000000 0.000000 
648753.000000 -14250.000000 0.000000 
648628.000000 -14104.000000 0.000000 
648187.000000 -10271.000000 0.000000 
646532.000000 -9896.000000 0.000000 
646136.000000 -3463.000000 0.000000 
645529.000000 -280.000000 0.000000 
645009.000000 3920.000000 0.000000 
644821.000000 5767.000000 0.000000 
643525.000000 8758.000000 0.000000 
643051.000000 11972.000000 0.000000 
642145.000000 13445.000000 0.000000 
642082.000000 19117.000000 0.000000 
640670.000000 23992.000000 0.000000 
640308.000000 27253.000000 0.000000 
639701.000000 28159.000000 0.000000 
637850.000000 34269.000000 0.000000 
637516.000000 38944.000000 0.000000 
635022.000000 41769.000000 0.000000 
633800.000000 48693.000000 0.000000 
633718.000000 49135.000000 0.000000 
633398.000000 51454.000000 0.000000 
633358.000000 51947.000000 0.000000 
632465.000000 52456.000000 0.000000 
631958.000000 52753.000000 0.000000 
631814.000000 54447.000000 0.000000 
631554.000000 58714.000000 0.000000 
630832.000000 66702.000000 0.000000 
629502.000000 67637.000000 0.000000 
628945.000000 72653.000000 0.000000 
628298.000000 73783.000000 0.000000 
627117.000000 75275.000000 0.000000 
626171.000000 76078.000000 0.000000 
625776.000000 80807.000000 0.000000 
625059.000000 83078.000000 0.000000 
624113.000000 87107.000000 0.000000 
622503.000000 90264.000000 0.000000 
622354.000000 90882.000000 0.000000 
621599.000000 91525.000000 0.000000 
620908.000000 93540.000000 0.000000 
620020.000000 102561.000000 0.000000 
619321.000000 102926.000000 0.000000 
618206.000000 104006.000000 0.000000 
617173.000000 111277.000000 0.000000 
616560.000000 119334.000000 0.000000 
614796.000000 120568.000000 0.000000 
614596.000000 123067.000000 0.000000 
611462.000000 127507.000000 0.000000 
611369.000000 129635.000000 0.000000 
611359.000000 129713.000000 0.000000 
610546.000000 131475.000000 0.000000 
610144.000000 134506.000000 0.000000 
608451.000000 135413.000000 0.000000 
607841.000000 137332.000000 0.000000 
606951.000000 137576.000000 0.000000 
606937.000000 137624.000000 0.000000 
606621.000000 138288.000000 0.000000 
606424.000000 142977.000000 0.000000 
606266.000000 144669.000000 0.000000 
605822.000000 144803.000000 0.000000 
605371.000000 145088.000000 0.000000 
603155.000000 147131.000000 0.000000 
603104.000000 149632.000000 0.000000 
602510.000000 154112.000000 0.000000 
600111.000000 154375.000000 0.000000 
599705.000000 157814.000000 0.000000 
598581.000000 159293.000000 0.000000 
596869.000000 161443.000000 0.000000 
596835.000000 164083.000000 0.000000 
595924.000000 167018.000000 0.000000 
595601.000000 167531.000000 0.000000 
594059.000000 169124.000000 0.000000 
593828.000000 170125.000000 0.000000 
593122.000000 171700.000000 0.000000 
593048.000000 172648.000000 0.000000 
591245.000000 177227.000000 0.000000 
589944.000000 178307.000000 0.000000 
589734.000000 178740.000000 0.000000 
589195.000000 182474.000000 0.000000 
587582.000000 184082.000000 0.000000 
587447.000000 184544.000000 0.000000 
587322.000000 185589.000000 0.000000 
585790.000000 189112.000000 0.000000 
584587.000000 190279.000000 0.000000 
582848.000000 190397.000000 0.000000 
582595.000000 194243.000000 0.000000 
581305.000000 195148.000000 0.000000 
581261.000000 195427.000000 0.000000 
579456.000000 199900.000000 0.000000 
579200.000000 200025.000000 0.000000 
578466.000000 200521.000000 0.000000 
578059.000000 201359.000000 0.000000 
577840.000000 201552.000000 0.000000 
577427.000000 202088.000000 0.000000 
576778.000000 206161.000000 0.000000 
575722.000000 206805.000000 0.000000 
574346.000000 208676.000000 0.000000 
574001.000000 210122.000000 0.000000 
573489.000000 210283.000000 0.000000 
573321.000000 212529.000000 0.000000 
571732.000000 212687.000000 0.000000 
571656.000000 213699.000000 0.000000 
571164.000000 215208.000000 0.000000 
571024.000000 215440.000000 0.000000 
570580.000000 215752.000000 0.000000 
570291.000000 218153.000000 0.000000 
568846.000000 218194.000000 0.000000 
568512.000000 218225.000000 0.000000 
568269.000000 218972.000000 0.000000 
568160.000000 220308.000000 0.000000 
567960.000000 221496.000000 0.000000 
567327.000000 224310.000000 0.000000 
566403.000000 224372.000000 0.000000 
565743.000000 226267.000000 0.000000 
564515.000000 227677.000000 0.000000 
564092.000000 229641.000000 0.000000 
562465.000000 231426.000000 0.000000 
562395.000000 231552.000000 0.000000 
562249.000000 232416.000000 0.000000 
561592.000000 233942.000000 0.000000 
560633.000000 236210.000000 0.000000 
559739.000000 236986.000000 0.000000 
558673.000000 237477.000000 0.000000 
557784.000000 238347.000000 0.000000 
557454.000000 239712.000000 0.000000 
557250.000000 241216.000000 0.000000 
555619.000000 242566.000000 0.000000 
554496.000000 244378.000000 0.000000 
554250.000000 245166.000000 0.000000 
554055.000000 245314.000000 0.000000 
553670.000000 246798.000000 0.000000 
553049.000000 247784.000000 0.000000 
552006.000000 247888.000000 0.000000 
551643.000000 249462.000000 0.000000 
551483.000000 249976.000000 0.000000 
551460.000000 251299.000000 0.000000 
551395.000000 252659.000000 0.000000 
549366.000000 253137.000000 0.000000 
548845.000000 254325.000000 0.000000 
547915.000000 254556.000000 0.000000 
547844.000000 254650.000000 0.000000 
547349.000000 260353.000000 0.000000 
546004.000000 260485.000000 0.000000 
545214.000000 261096.000000 0.000000 
544847.000000 261152.000000 0.000000 
543691.000000 262583.000000 0.000000 
542971.000000 263941.000000 0.000000 
542369.000000 264770.000000 0.000000 
541539.000000 264787.000000 0.000000 
541494.000000 266568.000000 0.000000 
541434.000000 267769.000000 0.000000 
540360.000000 267935.000000 0.000000 
540243.000000 268737.000000 0.000000 
540072.000000 269029.000000 0.000000 
539912.000000 269548.000000 0.000000 
539761.000000 269973.000000 0.000000 
539048.000000 270096.000000 0.000000 
538906.000000 270797.000000 0.000000 
538453.000000 275826.000000 0.000000 
535622.000000 277357.000000 0.000000 
535365.000000 280081.000000 0.000000 
532832.000000 283489.000000 0.000000 
531644.000000 284312.000000 0.000000 
529703.000000 285144.000000 0.000000 
529652.000000 285403.000000 0.000000 
529604.000000 288574.000000 0.000000 
526921.000000 288847.000000 0.000000 
526763.000000 292464.000000 0.000000 
524218.000000 294401.000000 0.000000 
523481.000000 295425.000000 0.000000 
522197.000000 295490.000000 0.000000 
521856.000000 295852.000000 0.000000 
521553.000000 299273.000000 0.000000 
521187.000000 299676.000000 0.000000 
521001.000000 300506.000000 0.000000 
519482.000000 301029.000000 0.000000 
519409.000000 301048.000000 0.000000 
518134.000000 302654.000000 0.000000 
517994.000000 303966.000000 0.000000 
517417.000000 304085.000000 0.000000 
517241.000000 305732.000000 0.000000 
515796.000000 308891.000000 0.000000 
515595.000000 308963.000000 0.000000 
513003.000000 314269.000000 0.000000 
509872.000000 314621.000000 0.000000 
509684.000000 316888.000000 0.000000 
507290.000000 321579.000000 0.000000 
504457.000000 321840.000000 0.000000 
503876.000000 323924.000000 0.000000 
502825.000000 324322.000000 0.000000 
502655.000000 324346.000000 0.000000 
502065.000000 324930.000000 0.000000 
501187.000000 327405.000000 0.000000 
501156.000000 327488.000000 0.000000 
500991.000000 327650.000000 0.000000 
500883.000000 328793.000000 0.000000 
498332.000000 329429.000000 0.000000 
498291.000000 331711.000000 0.000000 
497216.000000 332496.000000 0.000000 
495368.000000 334900.000000 0.000000 
495314.000000 336552.000000 0.000000 
492641.000000 339785.000000 0.000000 
490864.000000 340409.000000 0.000000 
489704.000000 340643.000000 0.000000 
489488.000000 343486.000000 0.000000 
488781.000000 343732.000000 0.000000 
486657.000000 347224.000000 0.000000 
484208.000000 347853.000000 0.000000 
483694.000000 349689.000000 0.000000 
483611.000000 350196.000000 0.000000 
481853.000000 351144.000000 0.000000 
481047.000000 351195.000000 0.000000 
480516.000000 354176.000000 0.000000 
479786.000000 354633.000000 0.000000 
477565.000000 357621.000000 0.000000 
475731.000000 358562.000000 0.000000 
474917.000000 361219.000000 0.000000 
473326.000000 361243.000000 0.000000 
472409.000000 362077.000000 0.000000 
471518.000000 363773.000000 0.000000 
470915.000000 364064.000000 0.000000 
470559.000000 364961.000000 0.000000 
468756.000000 366736.000000 0.000000 
468137.000000 367321.000000 0.000000 
467342.000000 367886.000000 0.000000 
467002.000000 368462.000000 0.000000 
466348.000000 368973.000000 0.000000 
465149.000000 370934.000000 0.000000 
464823.000000 370982.000000 0.000000 
464372.000000 371128.000000 0.000000 
464036.000000 371287.000000 0.000000 
462390.000000 371805.000000 0.000000 
462232.000000 373775.000000 0.000000 
461733.000000 375143.000000 0.000000 
460107.000000 375380.000000 0.000000 
459684.000000 377745.000000 0.000000 
458165.000000 378398.000000 0.000000 
457756.000000 378561.000000 0.000000 
457676.000000 378828.000000 0.000000 
455940.000000 379906.000000 0.000000 
455771.000000 381228.000000 0.000000 
454098.000000 381234.000000 0.000000 
453695.000000 381323.000000 0.000000 
453527.000000 381802.000000 0.000000 
453446.000000 381867.000000 0.000000 
453423.000000 383698.000000 0.000000 
453209.000000 383991.000000 0.000000 
451805.000000 384731.000000 0.000000 
451492.000000 384823.000000 0.000000 
451263.000000 384996.000000 0.000000 
450645.000000 385470.000000 0.000000 
449872.000000 387099.000000 0.000000 
448762.000000 387792.000000 0.000000 
448183.000000 388207.000000 0.000000 
447528.000000 390752.000000 0.000000 
445650.000000 391942.000000 0.000000 
444379.000000 392070.000000 0.000000 
443475.000000 393437.000000 0.000000 
443359.000000 393918.000000 0.000000 
441557.000000 395265.000000 0.000000 
440147.000000 396753.000000 0.000000 
439471.000000 397272.000000 0.000000 
438596.000000 397675.000000 0.000000 
438151.000000 397865.000000 0.000000 
438078.000000 398110.000000 0.000000 
437961.000000 399643.000000 0.000000 
436867.000000 399988.000000 0.000000 
435947.000000 401408.000000 0.000000 
435613.000000 401783.000000 0.000000 
433835.000000 403234.000000 0.000000 
432423.000000 404473.000000 0.000000 
432339.000000 405018.000000 0.000000 
430868.000000 406474.000000 0.000000 
429923.000000 407822.000000 0.000000 
429031.000000 407893.000000 0.000000 
428499.000000 408094.000000 0.000000 
427369.000000 409833.000000 0.000000 
426816.000000 410344.000000 0.000000 
426348.000000 410593.000000 0.000000 
425702.000000 410886.000000 0.000000 
425157.000000 412986.000000 0.000000 
424244.000000 413092.000000 0.000000 
423425.000000 413907.000000 0.000000 
422982.000000 414493.000000 0.000000 
422103.000000 414913.000000 0.000000 
421382.000000 415353.000000 0.000000 
421083.000000 416016.000000 0.000000 
420727.000000 417440.000000 0.000000 
420372.000000 417659.000000 0.000000 
419912.000000 417991.000000 0.000000 
419657.000000 418220.000000 0.000000 
419092.000000 418395.000000 0.000000 
417885.000000 420593.000000 0.000000 
416626.000000 420674.000000 0.000000 
416241.000000 420905.000000 0.000000 
416135.000000 421450.000000 0.000000 
414365.000000 423876.000000 0.000000 
412804.000000 424175.000000 0.000000 
412551.000000 424297.000000 0.000000 
412394.000000 424765.000000 0.000000 
410951.000000 426895.000000 0.000000 
410183.000000 427433.000000 0.000000 
408892.000000 427940.000000 0.000000 
408243.000000 428101.000000 0.000000 
407450.000000 429463.000000 0.000000 
407190.000000 429564.000000 0.000000 
407004.000000 430758.000000 0.000000 
406990.000000 431248.000000 0.000000 
405439.000000 431734.000000 0.000000 
405109.000000 431807.000000 0.000000 
404113.000000 432428.000000 0.000000 
403382.000000 432539.000000 0.000000 
403336.000000 434146.000000 0.000000 
402447.000000 434876.000000 0.000000 
401325.000000 435085.000000 0.000000 
400625.000000 435812.000000 0.000000 
399699.000000 436969.000000 0.000000 
398578.000000 437962.000000 0.000000 
397945.000000 438989.000000 0.000000 
397678.000000 440764.000000 0.000000 
394128.000000 442125.000000 0.000000 
393934.000000 443116.000000 0.000000 
393533.000000 443649.000000 0.000000 
393502.000000 443880.000000 0.000000 
392540.000000 444237.000000 0.000000 
391508.000000 445637.000000 0.000000 
390817.000000 447049.000000 0.000000 
390639.000000 447253.000000 0.000000 
390549.000000 447373.000000 0.000000 
389109.000000 447513.000000 0.000000 
388213.000000 448225.000000 0.000000 
387465.000000 448579.000000 0.000000 
386523.000000 450044.000000 0.000000 
384286.000000 451214.000000 0.000000 
384147.000000 451221.000000 0.000000 
383597.000000 451763.000000 0.000000 
383586.000000 453369.000000 0.000000 
381096.000000 454663.000000 0.000000 
380395.000000 455620.000000 0.000000 
380030.000000 455933.000000 0.000000 
379483.000000 456417.000000 0.000000 
378230.000000 457764.000000 0.000000 
377556.000000 459492.000000 0.000000 
374395.000000 460656.000000 0.000000 
374105.000000 461065.000000 0.000000 
373914.000000 462982.000000 0.000000 
370788.000000 464491.000000 0.000000 
370038.000000 465582.000000 0.000000 
369828.000000 465593.000000 0.000000 
366982.000000 465908.000000 0.000000 
366927.000000 466271.000000 0.000000 
366776.000000 466831.000000 0.000000 
366664.000000 466987.000000 0.000000 
366326.000000 468677.000000 0.000000 
364207.000000 469784.000000 0.000000 
363393.000000 471660.000000 0.000000 
361759.000000 473110.000000 0.000000 
360190.000000 473339.000000 0.000000 
359672.000000 474326.000000 0.000000 
357679.000000 476609.000000 0.000000 
355664.000000 477197.000000 0.000000 
355639.000000 477263.000000 0.000000 
353357.000000 479301.000000 0.000000 
352725.000000 479313.000000 0.000000 
352304.000000 480581.000000 0.000000 
351790.000000 481178.000000 0.000000 
350545.000000 482784.000000 0.000000 
348929.000000 483851.000000 0.000000 
346941.000000 484369.000000 0.000000 
346329.000000 484857.000000 0.000000 
345211.000000 485045.000000 0.000000 
345150.000000 486627.000000 0.000000 
344558.000000 486665.000000 0.000000 
343021.000000 488430.000000 0.000000 
342067.000000 489794.000000 0.000000 
340567.000000 492088.000000 0.000000 
337408.000000 492332.000000 0.000000 
337227.000000 492419.000000 0.000000 
336324.000000 493675.000000 0.000000 
335895.000000 495670.000000 0.000000 
334143.000000 497181.000000 0.000000 
331859.000000 497232.000000 0.000000 
331129.000000 497550.000000 0.000000 
330983.000000 498404.000000 0.000000 
330153.000000 498510.000000 0.000000 
329088.000000 499989.000000 0.000000 
327068.000000 500686.000000 0.000000 
326231.000000 500873.000000 0.000000 
325630.000000 501048.000000 0.000000 
325058.000000 502906.000000 0.000000 
324724.000000 504131.000000 0.000000 
321638.000000 505744.000000 0.000000 
321415.000000 506143.000000 0.000000 
320381.000000 506374.000000 0.000000 
318052.000000 506379.000000 0.000000 
317857.000000 508643.000000 0.000000 
316610.000000 509523.000000 0.000000 
316096.000000 510129.000000 0.000000 
314410.000000 511868.000000 0.000000 
312413.000000 512000.000000 0.000000 
310726.000000 512896.000000 0.000000 
309562.000000 514345.000000 0.000000 
309336.000000 514384.000000 0.000000 
309006.000000 514685.000000 0.000000 
308563.000000 514852.000000 0.000000 
307589.000000 516141.000000 0.000000 
305656.000000 517136.000000 0.000000 
303802.000000 517583.000000 0.000000 
303317.000000 519113.000000 0.000000 
303073.000000 520445.000000 0.000000 
300526.000000 522152.000000 0.000000 
297837.000000 523371.000000 0.000000 
297248.000000 523542.000000 0.000000 
295848.000000 524980.000000 0.000000 
294645.000000 526984.000000 0.000000 
291451.000000 527434.000000 0.000000 
291360.000000 528022.000000 0.000000 
289810.000000 528875.000000 0.000000 
289443.000000 531783.000000 0.000000 
286222.000000 532336.000000 0.000000 
284614.000000 534719.000000 0.000000 
282086.000000 535227.000000 0.000000 
279577.000000 536374.000000 0.000000 
277180.000000 537515.000000 0.000000 
274521.000000 539019.000000 0.000000 
273648.000000 540519.000000 0.000000 
269625.000000 540660.000000 0.000000 
269586.000000 543780.000000 0.000000 
266024.000000 544739.000000 0.000000 
263856.000000 546018.000000 0.000000 
263510.000000 546392.000000 0.000000 
262529.000000 548296.000000 0.000000 
258121.000000 548745.000000 0.000000 
257316.000000 549969.000000 0.000000 
255766.000000 550428.000000 0.000000 
253499.000000 551081.000000 0.000000 
252763.000000 551281.000000 0.000000 
252725.000000 552681.000000 0.000000 
250455.000000 553254.000000 0.000000 
249112.000000 554004.000000 0.000000 
247307.000000 554171.000000 0.000000 
247022.000000 554718.000000 0.000000 
245835.000000 556451.000000 0.000000 
241208.000000 557055.000000 0.000000 
240759.000000 557253.000000 0.000000 
240400.000000 558655.000000 0.000000 
240326.000000 559092.000000 0.000000 
238778.000000 559799.000000 0.000000 
237646.000000 559825.000000 0.000000 
236771.000000 561779.000000 0.000000 
236760.000000 562455.000000 0.000000 
233903.000000 564025.000000 0.000000 
231024.000000 564707.000000 0.000000 
229943.000000 565047.000000 0.000000 
226833.000000 565405.000000 0.000000 
226762.000000 566137.000000 0.000000 
226479.000000 567794.000000 0.000000 
226353.000000 568187.000000 0.000000 
222101.000000 569078.000000 0.000000 
221921.000000 570879.000000 0.000000 
217832.000000 572355.000000 0.000000 
214540.000000 573348.000000 0.000000 
210795.000000 573426.000000 0.000000 
210696.000000 574799.000000 0.000000 
210131.000000 576137.000000 0.000000 
206213.000000 579270.000000 0.000000 
199632.000000 581702.000000 0.000000 
192029.000000 583823.000000 0.000000 
191344.000000 584632.000000 0.000000 
188058.000000 584634.000000 0.000000 
185334.000000 586862.000000 0.000000 
183110.000000 587404.000000 0.000000 
178455.000000 587759.000000 0.000000 
177945.000000 589388.000000 0.000000 
177416.000000 589405.000000 0.000000 
175243.000000 590243.000000 0.000000 
174656.000000 593115.000000 0.000000 
166675.000000 595224.000000 0.000000 
160732.000000 599054.000000 0.000000 
150586.000000 600558.000000 0.000000 
148428.000000 600709.000000 0.000000 
148409.000000 601818.000000 0.000000 
143400.000000 602533.000000 0.000000 
142551.000000 603036.000000 0.000000 
140603.000000 604050.000000 0.000000 
140429.000000 604733.000000 0.000000 
137076.000000 606267.000000 0.000000 
132206.000000 606319.000000 0.000000 
128838.000000 608810.000000 0.000000 
119674.000000 609012.000000 0.000000 
119387.000000 611204.000000 0.000000 
115897.000000 611632.000000 0.000000 
110250.000000 611644.000000 0.000000 
109925.000000 612176.000000 0.000000 
109834.000000 613213.000000 0.000000 
109611.000000 614083.000000 0.000000 
109493.000000 614208.000000 0.000000 
108125.000000 614314.000000 0.000000 
107004.000000 614808.000000 0.000000 
104696.000000 616157.000000 0.000000 
102161.000000 616642.000000 0.000000 
100915.000000 616971.000000 0.000000 
97875.000000 617232.000000 0.000000 
97779.000000 617638.000000 0.000000 
93356.000000 618318.000000 0.000000 
92929.000000 619410.000000 0.000000 
87916.000000 620175.000000 0.000000 
87851.000000 620213.000000 0.000000 
81865.000000 621634.000000 0.000000 
78887.000000 622909.000000 0.000000 
75035.000000 625210.000000 0.000000 
69003.000000 625896.000000 0.000000 
67393.000000 628252.000000 0.000000 
55708.000000 631013.000000 0.000000 
43020.000000 633252.000000 0.000000 
34889.000000 634017.000000 0.000000 
34326.000000 634101.000000 0.000000 
34231.000000 636666.000000 0.000000 
25540.000000 637478.000000 0.000000 
23389.000000 639523.000000 0.000000 
15660.000000 640330.000000 0.000000 
8082.000000 642077.000000 0.000000 
-440.000000 644824.000000 0.000000 
-15004.000000 645378.000000 0.000000 
-20584.000000 645447.000000 0.000000 
-20634.000000 647916.000000 0.000000 
-31853.000000 648259.000000 0.000000 
-37315.000000 648645.000000 0.000000 
-39744.000000 650679.000000 0.000000 
-49201.000000 651995.000000 0.000000 
-50149.000000 652507.000000 0.000000 
-51028.000000 654072.000000 0.000000 
-61323.000000 654716.000000 0.000000 
-65113.000000 656431.000000 0.000000 
-76576.000000 658532.000000 0.000000 
-79328.000000 659805.000000 0.000000 
-80153.000000 660183.000000 0.000000 
-88668.000000 662113.000000 0.000000 
-97886.000000 663155.000000 0.000000 
-98576.000000 664496.000000 0.000000 
-105248.000000 665221.000000 0.000000 
-111383.000000 667061.000000 0.000000 
-111787.000000 667705.000000 0.000000 
-114583.000000 667726.000000 0.000000 
-116987.000000 668152.000000 0.000000 
-120346.000000 668267.000000 0.000000 
-123308.000000 668325.000000 0.000000 
-123531.000000 668504.000000 0.000000 
-124345.000000 670243.000000 0.000000 
-127734.000000 670669.000000 0.000000 
-128973.000000 671090.000000 0.000000 
-129322.000000 671535.000000 0.000000 
-131494.000000 671820.000000 0.000000 
-132228.000000 672282.000000 0.000000 
-133758.000000 672366.000000 0.000000 
-135448.000000 672744.000000 0.000000 
-140934.000000 672807.000000 0.000000 
-141082.000000 672892.000000 0.000000 
-141953.000000 672956.000000 0.000000 
-141964.000000 673029.000000 0.000000 
-143319.000000 673100.000000 0.000000 
-144325.000000 674175.000000 0.000000 
-144548.000000 674186.000000 0.000000 
-144980.000000 674244.000000 0.000000 
-145572.000000 674665.000000 0.000000 
-145621.000000 674738.000000 0.000000 
-146996.000000 674796.000000 0.000000 
-147813.000000 674799.000000 0.000000 
-156990.000000 674881.000000 0.000000 
-157025.000000 674908.000000 0.000000 
-159273.000000 674913.000000 0.000000 
-164961.000000 675362.000000 0.000000 
-172098.000000 675468.000000 0.000000 
-172236.000000 675529.000000 0.000000 
-174204.000000 675706.000000 0.000000 
-174456.000000 675764.000000 0.000000 
-174751.000000 675895.000000 0.000000 
-174769.000000 675959.000000 0.000000 
-176678.000000 676049.000000 0.000000 
-177138.000000 676122.000000 0.000000 
-178157.000000 676185.000000 0.000000 
-178932.000000 676406.000000 0.000000 
-179249.000000 676499.000000 0.000000 
-179376.000000 676524.000000 0.000000 
-179671.000000 676595.000000 0.000000 
-179883.000000 676596.000000 0.000000 
-179948.000000 676651.000000 0.000000 
-181061.000000 676751.000000 0.000000 
-183549.000000 676766.000000 0.000000 
-183602.000000 676781.000000 0.000000 
-183626.000000 676783.000000 0.000000 
