0.8297884446 0.8525551151 0.5694989156 
0.8204519588 0.8684334861 0.521306119 
0.8457874856 0.8727797358 0.4297026917 
0.8170296961 0.8541503617 0.5456426943 
0.835312852 0.8713816723 0.5611952131 
0.8381871842 0.8620735232 0.5397299479 
0.8295974349 0.8727895425 0.6098118819 
0.8445896168 0.8525640447 0.5597717747 
0.8311638828 0.8511641621 0.5537347145 
0.8299737544 0.841246181 0.5510793214 
0.8222328582 0.8685077389 0.4912228173 
0.833203849 0.8601333418 0.5304723171 
0.814364695 0.8537551826 0.6379083771 
0.8070575558 0.8543244022 0.5218029108 
0.8331218267 0.8749036823 0.5227473571 
0.8108767428 0.8641409804 0.5982180443 
0.8309326658 0.8622814084 0.5642619748 
0.8271149576 0.8629718794 0.5745549619 
0.808731739 0.8698874715 0.6074710541 
0.8313960869 0.8671128218 0.5387941786 
0.8173028348 0.8676366536 0.5857848953 
0.8269407147 0.8576996437 0.5914607978 
0.8271873202 0.8592135123 0.45925542 
0.8308961667 0.8625841321 0.5878111807 
0.8220788395 0.8665574239 0.540978711 
0.8388547748 0.8670351428 0.5220556501 
0.8576248561 0.8619602317 0.5283498805 
0.8333704983 0.8553551182 0.5282060812 
0.8392909607 0.844645634 0.4543189667 
0.8494484993 0.8688235882 0.6209982176 







0.8347338728 0.846464336 0.8334016464 
0.837542244 0.8468880093 0.8116315492 
0.837896775 0.8461265091 0.7985202291 
0.8353132865 0.8463733444 0.8077407161 
0.8362802798 0.8469690197 0.7977991329 
0.8354655804 0.8480163102 0.8110050737 
0.837989474 0.8460204682 0.8284554199 
0.8382057276 0.8459109692 0.8022696534 
0.8352124682 0.845069971 0.8250211904 
0.8325446479 0.8438446099 0.8188419837 
0.8386546351 0.8465491375 0.8197578751 
0.837068816 0.8451516625 0.7963766413 
0.8369698538 0.8460899825 0.8189058512 
0.8312580668 0.8443686121 0.8036758111 
0.836017949 0.8455264796 0.7847988001 
0.83493908 0.845709906 0.8348755189 
0.8373891901 0.8480275527 0.7833365673 
0.8319848701 0.8483776942 0.8272438999 
0.8375187478 0.844530573 0.8173786747 
0.8381891849 0.846823077 0.8262657792 
0.835990511 0.8424929422 0.8322942932 
0.8354776298 0.8457153236 0.810072423 
0.8407695932 0.8452307144 0.7759947539 
0.8372594478 0.8472920082 0.7967651538 
0.8374265579 0.8444271839 0.840588773 
0.8380221003 0.8459646899 0.796884287 
0.8385561846 0.839072113 0.8188496858 
0.8359566997 0.8470843229 0.8029655168 
0.8381653252 0.8451647354 0.8347660575 
0.831823599 0.8467516798 0.8008146297 







1.0139394118 1.0228923482 0.9832215225 
1.0178669186 1.023643724 0.9716016251 
1.0178733715 1.0249221413 0.9891433103 
1.0183560687 1.0246650835 0.965148417 
1.0186782449 1.0247393257 0.9607854944 
1.0183877206 1.0228688323 0.9770509862 
1.0160308713 1.0239974713 0.9729271692 
1.0167320807 1.0237312491 0.9780100425 
1.0158967941 1.025993015 0.9702036212 
1.0180580174 1.0243790903 0.9933514822 
1.0184438461 1.0237699132 0.97875304 
1.0192205265 1.0223180916 0.9759603614 
1.0164722599 1.0241416138 0.9700708739 
1.017473059 1.0240725596 0.9765314331 
1.0176073362 1.0235119009 0.984721879 
1.0169341827 1.0236088089 0.9521959723 
1.0142193809 1.0248570767 0.975075114 
1.0183355686 1.024676237 0.9797586367 
1.0153351768 1.0229488194 0.9753403378 
1.0167359968 1.0226612866 0.9600467096 
1.0179663496 1.0254854114 0.9594144395 
1.0181191952 1.0241097578 0.9817772106 
1.0165918846 1.0250820848 0.9613979985 
1.0181079909 1.0256031437 0.9714548728 
1.0178214438 1.0240669433 0.9669818693 
1.0183794103 1.0253856647 0.9775262954 
1.0189712393 1.0229238071 0.9750587428 
1.0188954104 1.0235632986 0.9724648014 
1.0185184641 1.0255235091 0.9725312922 
1.0171618744 1.0238387636 0.9796448047 







1.0637608901 1.0715927404 1.0434576604 
1.0658698183 1.0714812678 1.0490158233 
1.0631471478 1.0720614529 1.0488985635 
1.0644475388 1.0718937511 1.0423778243 
1.0635537681 1.0721955014 1.0511966868 
1.0621131753 1.0711486499 1.044003983 
1.0663169922 1.0719488272 1.0518869641 
1.0650817632 1.0729493118 1.0421423405 
1.0624324752 1.0730070968 1.0268988713 
1.0614426831 1.073062532 1.0436590522 
1.0649386003 1.0729002311 1.0490303758 
1.0620017101 1.0713948525 1.048578584 
1.0658151541 1.0730421424 1.0484983241 
1.0638594356 1.0721701075 1.0432649099 
1.0623513137 1.0729460248 1.0493360297 
1.0642175175 1.0717356937 1.0524155077 
1.0641853084 1.0732793988 1.0570903388 
1.0645242256 1.0729598835 1.0501514783 
1.0648769011 1.0726447744 1.0402245583 
1.0621309797 1.0722887035 1.0364124453 
1.0637749468 1.071521083 1.0471134506 
1.0640701584 1.0714622075 1.0527045166 
1.0611404943 1.0724725592 1.0484416783 
1.0639010868 1.0726105807 1.0376055445 
1.0658153542 1.0725584581 1.0387639717 
1.0594408798 1.072520708 1.0553877315 
1.0640480462 1.0713024158 1.0458040595 
1.0663247568 1.0735554534 1.0401388631 
1.0648820563 1.073022578 1.0365367646 
1.0653401892 1.0712175574 1.0322812497 







