-0.3220077743 -0.3001246539 -0.218187983 
-0.32083377 -0.2990256695 -0.274238402 
-0.3206918247 -0.2754142846 -0.266645697 
-0.3104762507 -0.2616410658 -0.2674485065 
-0.2519299396 -0.3090393727 -0.2786764541 
-0.3096677969 -0.3046130618 -0.2695873729 
-0.309667667 -0.3166331626 -0.2844860071 
-0.3203322361 -0.3159302194 -0.289222443 
-0.3099620444 -0.3077101202 -0.2612024964 
-0.3055279136 -0.3134527577 -0.2479044591 
-0.3115811374 -0.3128165535 -0.1588641795 
-0.3129858732 -0.2761652335 -0.1262196986 
-0.3130733093 -0.3128224695 -0.2608617821 
-0.3224889704 -0.2958911838 -0.1121222243 
-0.2838825164 -0.2932217721 -0.2674385731 
-0.3069563151 -0.2981714699 -0.2839424945 
-0.3131692804 -0.3100861614 -0.1916407308 
-0.3193162463 -0.3133999971 -0.2640076681 
-0.319483301 -0.2996785367 -0.2793655535 
-0.3174897664 -0.3044048853 -0.2086977479 
-0.3193654433 -0.3133801724 -0.2490416871 
-0.3138236096 -0.3041840484 -0.1844519011 
-0.3219801144 -0.3084161026 -0.2601154814 
-0.3249535288 -0.3144408914 -0.2779133339 
-0.3180478082 -0.3153818364 -0.1690013038 
-0.2921702619 -0.2822466862 -0.2758037464 
-0.2989352894 -0.3111371971 -0.2952808081 
-0.3089495121 -0.2953788319 -0.2143406168 
-0.2940618176 -0.3165804983 -0.1376752502 
-0.318461632 -0.3067486039 -0.2736574593 
